<?xml version="1.0" encoding="UTF-8"?>
<BorderFile Version="3" Structure="CORTEX_RIGHT" SurfaceNumberOfVertices="32492">
    <MetaData>
        <MD>
            <Name>ParentProvenance</Name>
            <Value>L:\dHCP\NMPP\01sulcus\1surface\week-40_hemi-right_space-dhcpSym_dens-32k_midthickness.surf.gii:
/home/logan/software/workbench/bin_linux64/../exe_linux64/wb_command -surface-flip-normals /home/logan/Desktop/dhcp_symmetric_template_3rd_release/dHCP.week40.R.midthickness.sym.regular.mesh.surf.gii /home/logan/Desktop/dhcp_symmetric_template_3rd_release/dHCP.week40.R.midthickness.sym.regular.mesh.surf.gii

L:\dHCP\NMPP\10_final_draw\border\final_rois_right.func.gii:
wb_command -border-to-rois L:\dHCP\NMPP\01sulcus\1surface\week-40_hemi-right_space-dhcpSym_dens-32k_midthickness.surf.gii L:\dHCP\NMPP\10_final_draw\border\final_border_right.border L:\dHCP\NMPP\10_final_draw\border\final_rois_right.func.gii

</Value>
        </MD>
        <MD>
            <Name>ProgramProvenance</Name>
            <Value>Connectome Workbench
Type: Command Line Application
Version: 1.5.0
Qt Compiled Version: 5.7.0
Qt Runtime Version: 5.7.0
Commit: 76441605d20536d81034a64c9d34ec393aa528b9
Commit Date: 2021-02-16 13:46:47 -0600
Compiled with OpenMP: YES
Compiler: cl.exe (C:/Program Files (x86)/Microsoft Visual Studio 14.0/VC/bin/amd64)
Compiler Version: 19.0.24215.1
Compiled Debug: NO
Operating System: Windows
</Value>
        </MD>
        <MD>
            <Name>Provenance</Name>
            <Value>wb_command -metric-rois-to-border L:\dHCP\NMPP\01sulcus\1surface\week-40_hemi-right_space-dhcpSym_dens-32k_midthickness.surf.gii L:\dHCP\NMPP\10_final_draw\border\final_rois_right.func.gii local_similarity L:\dHCP\NMPP\10_final_draw\border\final_border_right.border -placement 0.33</Value>
        </MD>
        <MD>
            <Name>WorkingDirectory</Name>
            <Value>L:/dHCP/NMPP/10_final_draw/border</Value>
        </MD>
    </MetaData>
    <Class Name="local_similarity" Red="0" Green="0" Blue="0">
        <Border Name="01-PoCG1" Red="0.835294" Green="0.419608" Blue="0.258824">
            <BorderPart Closed="True">
                <Vertices>1 11744 3427
3427 11744 11910
3427 11910 11744
3426 11910 11964
3426 11964 11910
3425 11964 12017
3425 12017 11964
3424 12017 12069
3424 12069 12017
3423 12069 12120
3423 12120 12069
3423 3422 3534
3534 3422 3533
3533 3422 3421
3533 3421 3532
3532 3421 3420
3532 3420 3531
3532 3531 3420
3586 3531 3585
3586 3585 3531
3639 3585 3638
3639 3638 3585
3691 3638 3690
3691 3690 3638
3691 3742 3690
3743 3742 3691
3743 3793 3742
3794 3793 3743
3794 3843 3793
3794 3844 3843
3795 3844 3794
3795 3845 3844
3796 3845 3795
3796 3846 3845
3797 3846 3796
3797 3847 3846
3798 3847 3797
3798 3434 3847
3433 3434 3798
3433 5401 5350
5350 5401 3433
5350 5351 5299
5299 5351 5350
5300 5351 5299
5300 5352 5351
5300 5301 5248
5248 5301 5300
5249 5301 5248
5249 5302 5301
5249 5250 5196
5196 5250 5249
5197 5250 5196
5197 5251 5250
5197 5198 5143
5143 5198 5197
5144 5198 5143
5144 5199 5198
5144 5145 5033
5033 5145 5144
5034 5145 5033
5034 5146 5145
5035 5146 5034
5035 5147 5146
5036 5147 5035
5036 5148 5147
5036 5037 5148
7382 5037 5036
7425 5037 7382
7425 5038 5037
7425 7467 5038
7426 7467 7425
7468 7467 7426
7468 7508 7467
7509 7508 7468
7509 7548 7508
7509 7549 7548
7510 7549 7509
7550 7549 7510
7550 7588 7549
7550 7589 7588
7551 7589 7550
7590 7589 7551
7590 7627 7589
7628 7627 7590
7628 7664 7627
7628 7665 7664
7629 7665 7628
7666 7665 7629
7666 7701 7665
7702 7701 7666
7702 7736 7701
7702 7737 7736
7703 7737 7702
7738 7737 7703
7738 7771 7737
7738 7772 7771
7739 7772 7738
7773 7772 7739
7773 7805 7772
7773 7806 7805
7774 7806 7773
7807 7806 7774
7807 7838 7806
7807 7839 7838
7808 7839 7807
7840 7839 7808
7840 7870 7839
7871 7870 7840
7871 7900 7870
7871 7901 7900
7872 7901 7871
7902 7901 7872
7902 7930 7901
7902 7931 7930
7903 7931 7902
7932 7931 7903
7932 7959 7931
7932 7960 7959
7933 7960 7932
7961 7960 7933
7961 7987 7960
7988 7987 7961
7988 8013 7987
7988 8014 8013
7989 8014 7988
8015 8014 7989
8015 8039 8014
8015 8040 8039
8016 8040 8015
8041 8040 8016
8041 8064 8040
8041 8065 8064
8042 8065 8041
8042 8066 8065
8043 8066 8042
8043 8067 8066
8043 8044 8019
8019 8044 8043
8020 8044 8019
8020 8045 8044
8021 8045 8020
8021 8046 8045
8022 8046 8021
8047 8046 8022
8047 8070 8046
8047 8071 8070
8048 8071 8047
8072 8071 8048
8072 8094 8071
8072 8095 8094
8073 8095 8072
8096 8095 8073
8096 8117 8095
8096 6753 8117
6754 6753 8096
17931 6753 6754
17931 17953 6753
17931 17932 17909
17909 17932 17931
17909 17910 17886
17886 17910 17909
17887 17910 17886
17887 17911 17910
17887 17888 17863
17863 17888 17887
17863 17864 17838
17838 17864 17863
17839 17864 17838
17839 17865 17864
17839 17840 17813
17813 17840 17839
17814 17840 17813
17814 17841 17840
17814 17815 17787
17787 17815 17814
17788 17815 17787
17788 17816 17815
17789 17816 17788
17789 17817 17816
17789 17790 17761
17761 17790 17789
17761 17762 17732
17732 17762 17761
17733 17762 17732
17733 17763 17762
17734 17763 17733
17734 17764 17763
17735 17764 17734
17735 17765 17764
17735 17736 17705
17705 17736 17735
17706 17736 17705
17706 17737 17736
17706 17707 17675
17675 17707 17706
17675 17676 17643
17643 17676 17675
17644 17676 17643
17644 17677 17676
17645 17677 17644
17645 17678 17677
17645 17646 17612
17612 17646 17645
17613 17646 17612
17613 17647 17646
17614 17647 17613
17614 17648 17647
17614 17615 17580
17580 17615 17614
17581 17615 17580
17581 17616 17615
17581 17582 17546
17546 17582 17581
17546 17547 17510
17510 17547 17546
17511 17547 17510
17511 17548 17547
17511 17512 17474
17474 17512 17511
17474 17475 17436
17436 17475 17474
17437 17475 17436
17437 17476 17475
17437 17438 17398
17398 17438 17437
17398 17399 17358
17398 17358 17357
17357 17358 17316
17357 17316 17315
17315 17316 17273
17315 17273 17272
17272 17273 17229
17272 17229 17228
17272 17228 17271
17271 17228 17227
17271 17227 17270
17270 17227 17226
17226 17227 17182
17226 17182 17181
17226 17181 17225
17225 17181 17180
17225 17180 17224
17224 17180 17179
17224 17179 17223
17223 17179 17178
17223 17178 17222
17223 17222 17178
17266 17222 17265
17265 17222 17221
17265 17221 17264
17265 17264 17221
17307 17264 17306
17306 17264 17263
17306 17263 17305
17306 17305 17263
17347 17305 17346
17346 17305 17304
17346 17304 17345
17346 17345 17304
17386 17345 17385
17386 17385 17345
17425 17385 17424
17424 17385 17384
17424 17384 17423
17424 17423 17384
17462 17423 17461
17461 17423 17422
17461 17422 17460
17461 17460 17422
17498 17460 17497
17498 17497 17460
17534 17497 17533
17533 17497 17496
17533 17496 17532
17532 17496 17495
17532 17495 17531
17532 17531 17495
17567 17531 17566
17566 17531 17530
17566 17530 17565
17566 17565 17530
17600 17565 17599
17600 17599 17565
17633 17599 17632
17632 17599 17598
17632 17598 17631
17632 17631 17598
17664 17631 17663
17663 17631 17630
17663 17630 17662
17663 17662 17630
17694 17662 17693
17693 17662 17661
17693 17661 17692
17693 17692 17661
17723 17692 17722
17722 17692 17691
17722 17691 17721
17721 17691 17690
17721 17690 17720
17721 17720 17690
17750 17720 17749
17749 17720 17719
17749 17719 6761
6761 17719 6762
6761 6762 7892
6761 7892 7921
7921 7892 7891
7921 7891 7920
7921 7920 7891
7949 7920 7948
7948 7920 7919
7948 7919 7947
7947 7919 7918
7947 7918 7946
7946 7918 7917
7946 7917 7945
7945 7917 7916
7916 7917 7887
7916 7887 7886
7916 7886 7915
7915 7886 7885
7885 7886 7855
7885 7855 7854
7885 7854 7884
7884 7854 7853
7884 7853 7883
7883 7853 7852
7852 7853 7821
7852 7821 7820
7852 7820 7851
7851 7820 7819
7851 7819 7850
7850 7819 7818
7818 7819 7786
7818 7786 7785
7818 7785 7817
7817 7785 7784
7784 7785 7751
7784 7751 7750
7784 7750 7783
7783 7750 7749
7749 7750 7715
7749 7715 7714
7749 7714 7748
7748 7714 7713
7713 7714 7678
7713 7678 7677
7713 7677 7712
7712 7677 7676
7676 7677 7640
7676 7640 7639
7676 7639 7675
7675 7639 7638
7638 7639 7601
7638 7601 7600
7638 7600 7637
7637 7600 7599
7599 7600 7561
7599 7561 7560
7599 7560 7598
7598 7560 7559
7559 7560 7520
7559 7520 7519
7559 7519 7558
7558 7519 7518
7518 7519 7478
7518 7478 7477
7518 7477 7517
7517 7477 7476
7476 7477 7435
7476 7435 7434
7476 7434 7475
7475 7434 7433
7433 7434 7391
7433 7391 7390
7433 7390 7432
7432 7390 7389
7389 7390 7346
7389 7346 7345
7389 7345 7388
7388 7345 7344
7344 7345 7300
7344 7300 7299
7344 7299 7343
7343 7299 7298
7298 7299 7253
7298 7253 7252
7298 7252 7297
7297 7252 7251
7251 7252 7205
7251 7205 7204
7204 7205 7157
7204 7157 7156
7204 7156 7203
7203 7156 7155
7155 7156 7107
7155 7107 7106
7106 7107 7057
7106 7057 7056
7056 7057 7006
7056 7006 7005
7056 7005 7055
7055 7005 7004
7004 7005 6953
7004 6953 6952
7004 6952 7003
7003 6952 6951
6951 6952 6899
6951 6899 6898
6898 6899 6845
6898 6845 6844
6844 6845 6790
6844 6790 6789
6789 6790 6678
6789 6678 6677
6789 6677 6788
6788 6677 6676
6676 6677 6788
6676 14991 11744
6676 11744 14991
</Vertices>
                <Weights>0.67 0.33 0
0.67 0.33 0
0.67 0.33 0
0.67 0.33 0
0.67 0.33 0
0.67 0.33 0
0.67 0.33 0
0.67 0.33 0
0.67 0.33 0
0.67 0.33 0
0.67 0.33 0
0.67 0.33 0
0.67 0.33 0
0.67 0.33 0
0.67 0.33 0
0.67 0.33 0
0.67 0.33 0
0.67 0.33 0
0.67 0.33 0
0.67 0.33 0
0.67 0.33 0
0.67 0.33 0
0.67 0.33 0
0.67 0.33 0
0.67 0.33 0
0.67 0.33 0
0.67 0.33 0
0.67 0.33 0
0.67 0.33 0
0.67 0.33 0
0.67 0.33 0
0.67 0.33 0
0.67 0.33 0
0.67 0.33 0
0.67 0.33 0
0.67 0.33 0
0.67 0.33 0
0.67 0.33 0
0.67 0.33 0
0.67 0.33 0
0.67 0.33 0
0.67 0.33 0
0.67 0.33 0
0.67 0.33 0
0.67 0.33 0
0.67 0.33 0
0.67 0.33 0
0.67 0.33 0
0.67 0.33 0
0.67 0.33 0
0.67 0.33 0
0.67 0.33 0
0.67 0.33 0
0.67 0.33 0
0.67 0.33 0
0.67 0.33 0
0.67 0.33 0
0.67 0.33 0
0.67 0.33 0
0.67 0.33 0
0.67 0.33 0
0.67 0.33 0
0.67 0.33 0
0.67 0.33 0
0.67 0.33 0
0.67 0.33 0
0.67 0.33 0
0.67 0.33 0
0.67 0.33 0
0.67 0.33 0
0.67 0.33 0
0.67 0.33 0
0.67 0.33 0
0.67 0.33 0
0.67 0.33 0
0.67 0.33 0
0.67 0.33 0
0.67 0.33 0
0.67 0.33 0
0.67 0.33 0
0.67 0.33 0
0.67 0.33 0
0.67 0.33 0
0.67 0.33 0
0.67 0.33 0
0.67 0.33 0
0.67 0.33 0
0.67 0.33 0
0.67 0.33 0
0.67 0.33 0
0.67 0.33 0
0.67 0.33 0
0.67 0.33 0
0.67 0.33 0
0.67 0.33 0
0.67 0.33 0
0.67 0.33 0
0.67 0.33 0
0.67 0.33 0
0.67 0.33 0
0.67 0.33 0
0.67 0.33 0
0.67 0.33 0
0.67 0.33 0
0.67 0.33 0
0.67 0.33 0
0.67 0.33 0
0.67 0.33 0
0.67 0.33 0
0.67 0.33 0
0.67 0.33 0
0.67 0.33 0
0.67 0.33 0
0.67 0.33 0
0.67 0.33 0
0.67 0.33 0
0.67 0.33 0
0.67 0.33 0
0.67 0.33 0
0.67 0.33 0
0.67 0.33 0
0.67 0.33 0
0.67 0.33 0
0.67 0.33 0
0.67 0.33 0
0.67 0.33 0
0.67 0.33 0
0.67 0.33 0
0.67 0.33 0
0.67 0.33 0
0.67 0.33 0
0.67 0.33 0
0.67 0.33 0
0.67 0.33 0
0.67 0.33 0
0.67 0.33 0
0.67 0.33 0
0.67 0.33 0
0.67 0.33 0
0.67 0.33 0
0.67 0.33 0
0.67 0.33 0
0.67 0.33 0
0.67 0.33 0
0.67 0.33 0
0.67 0.33 0
0.67 0.33 0
0.67 0.33 0
0.67 0.33 0
0.67 0.33 0
0.67 0.33 0
0.67 0.33 0
0.67 0.33 0
0.67 0.33 0
0.67 0.33 0
0.67 0.33 0
0.67 0.33 0
0.67 0.33 0
0.67 0.33 0
0.67 0.33 0
0.67 0.33 0
0.67 0.33 0
0.67 0.33 0
0.67 0.33 0
0.67 0.33 0
0.67 0.33 0
0.67 0.33 0
0.67 0.33 0
0.67 0.33 0
0.67 0.33 0
0.67 0.33 0
0.67 0.33 0
0.67 0.33 0
0.67 0.33 0
0.67 0.33 0
0.67 0.33 0
0.67 0.33 0
0.67 0.33 0
0.67 0.33 0
0.67 0.33 0
0.67 0.33 0
0.67 0.33 0
0.67 0.33 0
0.67 0.33 0
0.67 0.33 0
0.67 0.33 0
0.67 0.33 0
0.67 0.33 0
0.67 0.33 0
0.67 0.33 0
0.67 0.33 0
0.67 0.33 0
0.67 0.33 0
0.67 0.33 0
0.67 0.33 0
0.67 0.33 0
0.67 0.33 0
0.67 0.33 0
0.67 0.33 0
0.67 0.33 0
0.67 0.33 0
0.67 0.33 0
0.67 0.33 0
0.67 0.33 0
0.67 0.33 0
0.67 0.33 0
0.67 0.33 0
0.67 0.33 0
0.67 0.33 0
0.67 0.33 0
0.67 0.33 0
0.67 0.33 0
0.67 0.33 0
0.67 0.33 0
0.67 0.33 0
0.67 0.33 0
0.67 0.33 0
0.67 0.33 0
0.67 0.33 0
0.67 0.33 0
0.67 0.33 0
0.67 0.33 0
0.67 0.33 0
0.67 0.33 0
0.67 0.33 0
0.67 0.33 0
0.67 0.33 0
0.67 0.33 0
0.67 0.33 0
0.67 0.33 0
0.67 0.33 0
0.67 0.33 0
0.67 0.33 0
0.67 0.33 0
0.67 0.33 0
0.67 0.33 0
0.67 0.33 0
0.67 0.33 0
0.67 0.33 0
0.67 0.33 0
0.67 0.33 0
0.67 0.33 0
0.67 0.33 0
0.67 0.33 0
0.67 0.33 0
0.67 0.33 0
0.67 0.33 0
0.67 0.33 0
0.67 0.33 0
0.67 0.33 0
0.67 0.33 0
0.67 0.33 0
0.67 0.33 0
0.67 0.33 0
0.67 0.33 0
0.67 0.33 0
0.67 0.33 0
0.67 0.33 0
0.67 0.33 0
0.67 0.33 0
0.67 0.33 0
0.67 0.33 0
0.67 0.33 0
0.67 0.33 0
0.67 0.33 0
0.67 0.33 0
0.67 0.33 0
0.67 0.33 0
0.67 0.33 0
0.67 0.33 0
0.67 0.33 0
0.67 0.33 0
0.67 0.33 0
0.67 0.33 0
0.67 0.33 0
0.67 0.33 0
0.67 0.33 0
0.67 0.33 0
0.67 0.33 0
0.67 0.33 0
0.67 0.33 0
0.67 0.33 0
0.67 0.33 0
0.67 0.33 0
0.67 0.33 0
0.67 0.33 0
0.67 0.33 0
0.67 0.33 0
0.67 0.33 0
0.67 0.33 0
0.67 0.33 0
0.67 0.33 0
0.67 0.33 0
0.67 0.33 0
0.67 0.33 0
0.67 0.33 0
0.67 0.33 0
0.67 0.33 0
0.67 0.33 0
0.67 0.33 0
0.67 0.33 0
0.67 0.33 0
0.67 0.33 0
0.67 0.33 0
0.67 0.33 0
0.67 0.33 0
0.67 0.33 0
0.67 0.33 0
0.67 0.33 0
0.67 0.33 0
0.67 0.33 0
0.67 0.33 0
0.67 0.33 0
0.67 0.33 0
0.67 0.33 0
0.67 0.33 0
0.67 0.33 0
0.67 0.33 0
0.67 0.33 0
0.67 0.33 0
0.67 0.33 0
0.67 0.33 0
0.67 0.33 0
0.67 0.33 0
0.67 0.33 0
0.67 0.33 0
0.67 0.33 0
0.67 0.33 0
0.67 0.33 0
0.67 0.33 0
0.67 0.33 0
0.67 0.33 0
0.67 0.33 0
0.67 0.33 0
0.67 0.33 0
0.67 0.33 0
0.67 0.33 0
0.67 0.33 0
0.67 0.33 0
0.67 0.33 0
0.67 0.33 0
0.67 0.33 0
0.67 0.33 0
0.67 0.33 0
0.67 0.33 0
0.67 0.33 0
0.67 0.33 0
0.67 0.33 0
0.67 0.33 0
0.67 0.33 0
0.67 0.33 0
0.67 0.33 0
0.67 0.33 0
0.67 0.33 0
0.67 0.33 0
0.67 0.33 0
0.67 0.33 0
0.67 0.33 0
0.67 0.33 0
0.67 0.33 0
0.67 0.33 0
0.67 0.33 0
0.67 0.33 0
0.67 0.33 0
0.67 0.33 0
0.67 0.33 0
0.67 0.33 0
0.67 0.33 0
0.67 0.33 0
0.67 0.33 0
0.67 0.33 0
0.67 0.33 0
0.67 0.33 0
0.67 0.33 0
0.67 0.33 0
0.67 0.33 0
0.67 0.33 0
0.67 0.33 0
0.67 0.33 0
0.67 0.33 0
0.67 0.33 0
0.67 0.33 0
0.67 0.33 0
0.67 0.33 0
0.67 0.33 0
0.67 0.33 0
0.67 0.33 0
0.67 0.33 0
0.67 0.33 0
0.67 0.33 0
0.67 0.33 0
0.67 0.33 0
0.67 0.33 0
0.67 0.33 0
0.67 0.33 0
0.67 0.33 0
0.67 0.33 0
0.67 0.33 0
0.67 0.33 0
0.67 0.33 0
0.67 0.33 0
0.67 0.33 0
0.67 0.33 0
0.67 0.33 0
0.67 0.33 0
0.67 0.33 0
0.67 0.33 0
0.67 0.33 0
0.67 0.33 0
0.67 0.33 0
0.67 0.33 0
0.67 0.33 0
0.67 0.33 0
0.67 0.33 0
0.67 0.33 0
0.67 0.33 0
0.67 0.33 0
0.67 0.33 0
0.67 0.33 0
0.67 0.33 0
0.67 0.33 0
</Weights>
            </BorderPart>
        </Border>
        <Border Name="02-PoCG2" Red="0.4" Green="0.313726" Blue="0.580392">
            <BorderPart Closed="True">
                <Vertices>5037 5036 5148
5148 5036 5147
5147 5036 5035
5147 5035 5146
5146 5035 5034
5146 5034 5145
5145 5034 5033
5145 5033 5144
5145 5144 5033
5199 5144 5198
5198 5144 5143
5198 5143 5197
5198 5197 5143
5251 5197 5250
5250 5197 5196
5250 5196 5249
5250 5249 5196
5302 5249 5301
5301 5249 5248
5301 5248 5300
5301 5300 5248
5352 5300 5351
5351 5300 5299
5351 5299 5350
5351 5350 5299
5401 5350 3433
5401 3433 5350
5401 3434 3433
5451 3434 5401
5451 3435 3434
5500 3435 5451
5500 3436 3435
5548 3436 5500
5548 3437 3436
5595 3437 5548
5595 3438 3437
5641 3438 5595
5641 3439 3438
5686 3439 5641
5686 3440 3439
5686 5730 3440
5687 5730 5686
5687 5731 5730
5687 5688 5643
5643 5688 5687
5644 5688 5643
5644 5689 5688
5644 5645 5599
5599 5645 5644
5600 5645 5599
5600 5646 5645
5600 5601 5554
5554 5601 5600
5555 5601 5554
5555 5602 5601
5555 5556 5508
5508 5556 5555
5508 5509 5460
5460 5509 5508
5461 5509 5460
5461 5510 5509
5461 5462 5412
5412 5462 5461
5413 5462 5412
5413 5463 5462
5414 5463 5413
5414 5464 5463
5414 5415 5364
5364 5415 5414
5364 5365 5313
5313 5365 5364
5314 5365 5313
5314 5366 5365
5314 5315 5262
5262 5315 5314
5263 5315 5262
5263 5316 5315
5264 5316 5263
5264 5317 5316
5264 5265 5211
5211 5265 5264
5212 5265 5211
5212 5266 5265
5212 5213 5158
5158 5213 5212
5159 5213 5158
5159 5214 5213
5159 5160 5048
5048 5160 5159
5049 5160 5048
5049 5161 5160
5050 5161 5049
5050 5162 5161
5050 5051 5162
7893 5051 5050
7922 5051 7893
7922 5052 5051
7922 7950 5052
7923 7950 7922
7951 7950 7923
7951 7977 7950
7951 7978 7977
7952 7978 7951
7979 7978 7952
7979 8004 7978
7979 8005 8004
7980 8005 7979
8006 8005 7980
8006 8030 8005
8006 8031 8030
8007 8031 8006
8032 8031 8007
8032 8055 8031
8056 8055 8032
8056 8078 8055
8056 8079 8078
8057 8079 8056
8080 8079 8057
8080 8101 8079
8080 8102 8101
8081 8102 8080
8103 8102 8081
8103 8123 8102
8103 8124 8123
8104 8124 8103
8125 8124 8104
8125 8144 8124
8145 8144 8125
8145 8163 8144
8145 8164 8163
8146 8164 8145
8165 8164 8146
8165 8182 8164
8165 8183 8182
8166 8183 8165
8184 8183 8166
8184 8200 8183
8184 8201 8200
8185 8201 8184
8202 8201 8185
8202 8217 8201
8202 8218 8217
8203 8218 8202
8219 8218 8203
8219 8233 8218
8219 8234 8233
8220 8234 8219
8235 8234 8220
8235 8248 8234
8235 8249 8248
8236 8249 8235
6745 8249 8236
6745 6744 8249
6745 18093 18079
18079 18093 6745
18079 18080 18065
18065 18080 18079
18066 18080 18065
18066 18081 18080
18066 18067 18051
18051 18067 18066
18051 18052 18035
18035 18052 18051
18035 18036 18018
18018 18036 18035
18019 18036 18018
18019 18037 18036
18019 18020 18001
18001 18020 18019
18001 18002 17982
17982 18002 18001
17983 18002 17982
17983 18003 18002
17983 17984 17963
17963 17984 17983
17963 17964 17942
17942 17964 17963
17943 17964 17942
17943 17965 17964
17943 17944 17921
17921 17944 17943
17922 17944 17921
17922 17945 17944
17922 17923 17899
17899 17923 17922
17900 17923 17899
17900 17924 17923
17900 17901 17876
17876 17901 17900
17876 17877 17851
17851 17877 17876
17851 17852 17825
17851 17825 17824
17824 17825 17797
17797 17825 17824
17797 17798 17769
17769 17798 17797
17769 17770 17740
17769 17740 17739
17739 17740 17709
17739 17709 17708
17708 17709 17677
17708 17677 17676
17708 17676 17707
17707 17676 17675
17707 17675 17706
17707 17706 17675
17737 17706 17736
17736 17706 17705
17736 17705 17735
17736 17735 17705
17765 17735 17764
17764 17735 17734
17764 17734 17763
17763 17734 17733
17763 17733 17762
17762 17733 17732
17762 17732 17761
17762 17761 17732
17790 17761 17789
17790 17789 17761
17817 17789 17816
17816 17789 17788
17816 17788 17815
17815 17788 17787
17815 17787 17814
17815 17814 17787
17841 17814 17840
17840 17814 17813
17840 17813 17839
17840 17839 17813
17865 17839 17864
17864 17839 17838
17864 17838 17863
17864 17863 17838
17888 17863 17887
17888 17887 17863
17911 17887 17910
17910 17887 17886
17910 17886 17909
17910 17909 17886
17932 17909 17931
17932 17931 17909
17953 17931 6753
6753 17931 6754
6753 6754 8096
6753 8096 8117
8117 8096 8095
8095 8096 8073
8095 8073 8072
8095 8072 8094
8094 8072 8071
8071 8072 8048
8071 8048 8047
8071 8047 8070
8070 8047 8046
8046 8047 8022
8046 8022 8021
8046 8021 8045
8045 8021 8020
8045 8020 8044
8044 8020 8019
8044 8019 8043
8044 8043 8019
8067 8043 8066
8066 8043 8042
8066 8042 8065
8065 8042 8041
8065 8041 8064
8064 8041 8040
8040 8041 8016
8040 8016 8015
8040 8015 8039
8039 8015 8014
8014 8015 7989
8014 7989 7988
8014 7988 8013
8013 7988 7987
7987 7988 7961
7987 7961 7960
7960 7961 7933
7960 7933 7932
7960 7932 7959
7959 7932 7931
7931 7932 7903
7931 7903 7902
7931 7902 7930
7930 7902 7901
7901 7902 7872
7901 7872 7871
7901 7871 7900
7900 7871 7870
7870 7871 7840
7870 7840 7839
7839 7840 7808
7839 7808 7807
7839 7807 7838
7838 7807 7806
7806 7807 7774
7806 7774 7773
7806 7773 7805
7805 7773 7772
7772 7773 7739
7772 7739 7738
7772 7738 7771
7771 7738 7737
7737 7738 7703
7737 7703 7702
7737 7702 7736
7736 7702 7701
7701 7702 7666
7701 7666 7665
7665 7666 7629
7665 7629 7628
7665 7628 7664
7664 7628 7627
7627 7628 7590
7627 7590 7589
7589 7590 7551
7589 7551 7550
7589 7550 7588
7588 7550 7549
7549 7550 7510
7549 7510 7509
7549 7509 7548
7548 7509 7508
7508 7509 7468
7508 7468 7467
7467 7468 7426
7467 7426 7425
7467 7425 5038
5038 7425 5037
5037 7425 7382
5037 7382 5036
</Vertices>
                <Weights>0.67 0.33 0
0.67 0.33 0
0.67 0.33 0
0.67 0.33 0
0.67 0.33 0
0.67 0.33 0
0.67 0.33 0
0.67 0.33 0
0.67 0.33 0
0.67 0.33 0
0.67 0.33 0
0.67 0.33 0
0.67 0.33 0
0.67 0.33 0
0.67 0.33 0
0.67 0.33 0
0.67 0.33 0
0.67 0.33 0
0.67 0.33 0
0.67 0.33 0
0.67 0.33 0
0.67 0.33 0
0.67 0.33 0
0.67 0.33 0
0.67 0.33 0
0.67 0.33 0
0.67 0.33 0
0.67 0.33 0
0.67 0.33 0
0.67 0.33 0
0.67 0.33 0
0.67 0.33 0
0.67 0.33 0
0.67 0.33 0
0.67 0.33 0
0.67 0.33 0
0.67 0.33 0
0.67 0.33 0
0.67 0.33 0
0.67 0.33 0
0.67 0.33 0
0.67 0.33 0
0.67 0.33 0
0.67 0.33 0
0.67 0.33 0
0.67 0.33 0
0.67 0.33 0
0.67 0.33 0
0.67 0.33 0
0.67 0.33 0
0.67 0.33 0
0.67 0.33 0
0.67 0.33 0
0.67 0.33 0
0.67 0.33 0
0.67 0.33 0
0.67 0.33 0
0.67 0.33 0
0.67 0.33 0
0.67 0.33 0
0.67 0.33 0
0.67 0.33 0
0.67 0.33 0
0.67 0.33 0
0.67 0.33 0
0.67 0.33 0
0.67 0.33 0
0.67 0.33 0
0.67 0.33 0
0.67 0.33 0
0.67 0.33 0
0.67 0.33 0
0.67 0.33 0
0.67 0.33 0
0.67 0.33 0
0.67 0.33 0
0.67 0.33 0
0.67 0.33 0
0.67 0.33 0
0.67 0.33 0
0.67 0.33 0
0.67 0.33 0
0.67 0.33 0
0.67 0.33 0
0.67 0.33 0
0.67 0.33 0
0.67 0.33 0
0.67 0.33 0
0.67 0.33 0
0.67 0.33 0
0.67 0.33 0
0.67 0.33 0
0.67 0.33 0
0.67 0.33 0
0.67 0.33 0
0.67 0.33 0
0.67 0.33 0
0.67 0.33 0
0.67 0.33 0
0.67 0.33 0
0.67 0.33 0
0.67 0.33 0
0.67 0.33 0
0.67 0.33 0
0.67 0.33 0
0.67 0.33 0
0.67 0.33 0
0.67 0.33 0
0.67 0.33 0
0.67 0.33 0
0.67 0.33 0
0.67 0.33 0
0.67 0.33 0
0.67 0.33 0
0.67 0.33 0
0.67 0.33 0
0.67 0.33 0
0.67 0.33 0
0.67 0.33 0
0.67 0.33 0
0.67 0.33 0
0.67 0.33 0
0.67 0.33 0
0.67 0.33 0
0.67 0.33 0
0.67 0.33 0
0.67 0.33 0
0.67 0.33 0
0.67 0.33 0
0.67 0.33 0
0.67 0.33 0
0.67 0.33 0
0.67 0.33 0
0.67 0.33 0
0.67 0.33 0
0.67 0.33 0
0.67 0.33 0
0.67 0.33 0
0.67 0.33 0
0.67 0.33 0
0.67 0.33 0
0.67 0.33 0
0.67 0.33 0
0.67 0.33 0
0.67 0.33 0
0.67 0.33 0
0.67 0.33 0
0.67 0.33 0
0.67 0.33 0
0.67 0.33 0
0.67 0.33 0
0.67 0.33 0
0.67 0.33 0
0.67 0.33 0
0.67 0.33 0
0.67 0.33 0
0.67 0.33 0
0.67 0.33 0
0.67 0.33 0
0.67 0.33 0
0.67 0.33 0
0.67 0.33 0
0.67 0.33 0
0.67 0.33 0
0.67 0.33 0
0.67 0.33 0
0.67 0.33 0
0.67 0.33 0
0.67 0.33 0
0.67 0.33 0
0.67 0.33 0
0.67 0.33 0
0.67 0.33 0
0.67 0.33 0
0.67 0.33 0
0.67 0.33 0
0.67 0.33 0
0.67 0.33 0
0.67 0.33 0
0.67 0.33 0
0.67 0.33 0
0.67 0.33 0
0.67 0.33 0
0.67 0.33 0
0.67 0.33 0
0.67 0.33 0
0.67 0.33 0
0.67 0.33 0
0.67 0.33 0
0.67 0.33 0
0.67 0.33 0
0.67 0.33 0
0.67 0.33 0
0.67 0.33 0
0.67 0.33 0
0.67 0.33 0
0.67 0.33 0
0.67 0.33 0
0.67 0.33 0
0.67 0.33 0
0.67 0.33 0
0.67 0.33 0
0.67 0.33 0
0.67 0.33 0
0.67 0.33 0
0.67 0.33 0
0.67 0.33 0
0.67 0.33 0
0.67 0.33 0
0.67 0.33 0
0.67 0.33 0
0.67 0.33 0
0.67 0.33 0
0.67 0.33 0
0.67 0.33 0
0.67 0.33 0
0.67 0.33 0
0.67 0.33 0
0.67 0.33 0
0.67 0.33 0
0.67 0.33 0
0.67 0.33 0
0.67 0.33 0
0.67 0.33 0
0.67 0.33 0
0.67 0.33 0
0.67 0.33 0
0.67 0.33 0
0.67 0.33 0
0.67 0.33 0
0.67 0.33 0
0.67 0.33 0
0.67 0.33 0
0.67 0.33 0
0.67 0.33 0
0.67 0.33 0
0.67 0.33 0
0.67 0.33 0
0.67 0.33 0
0.67 0.33 0
0.67 0.33 0
0.67 0.33 0
0.67 0.33 0
0.67 0.33 0
0.67 0.33 0
0.67 0.33 0
0.67 0.33 0
0.67 0.33 0
0.67 0.33 0
0.67 0.33 0
0.67 0.33 0
0.67 0.33 0
0.67 0.33 0
0.67 0.33 0
0.67 0.33 0
0.67 0.33 0
0.67 0.33 0
0.67 0.33 0
0.67 0.33 0
0.67 0.33 0
0.67 0.33 0
0.67 0.33 0
0.67 0.33 0
0.67 0.33 0
0.67 0.33 0
0.67 0.33 0
0.67 0.33 0
0.67 0.33 0
0.67 0.33 0
0.67 0.33 0
0.67 0.33 0
0.67 0.33 0
0.67 0.33 0
0.67 0.33 0
0.67 0.33 0
0.67 0.33 0
0.67 0.33 0
0.67 0.33 0
0.67 0.33 0
0.67 0.33 0
0.67 0.33 0
0.67 0.33 0
0.67 0.33 0
0.67 0.33 0
0.67 0.33 0
0.67 0.33 0
0.67 0.33 0
0.67 0.33 0
0.67 0.33 0
0.67 0.33 0
0.67 0.33 0
0.67 0.33 0
0.67 0.33 0
0.67 0.33 0
0.67 0.33 0
0.67 0.33 0
0.67 0.33 0
0.67 0.33 0
0.67 0.33 0
0.67 0.33 0
0.67 0.33 0
0.67 0.33 0
0.67 0.33 0
0.67 0.33 0
0.67 0.33 0
0.67 0.33 0
0.67 0.33 0
0.67 0.33 0
0.67 0.33 0
0.67 0.33 0
0.67 0.33 0
0.67 0.33 0
0.67 0.33 0
0.67 0.33 0
0.67 0.33 0
0.67 0.33 0
0.67 0.33 0
0.67 0.33 0
0.67 0.33 0
0.67 0.33 0
0.67 0.33 0
0.67 0.33 0
0.67 0.33 0
0.67 0.33 0
0.67 0.33 0
0.67 0.33 0
0.67 0.33 0
0.67 0.33 0
0.67 0.33 0
0.67 0.33 0
0.67 0.33 0
0.67 0.33 0
0.67 0.33 0
0.67 0.33 0
</Weights>
            </BorderPart>
        </Border>
        <Border Name="03-PrCG1" Red="0.780392" Green="0.72549" Blue="0.717647">
            <BorderPart Closed="True">
                <Vertices>5051 5050 5162
5162 5050 5161
5161 5050 5049
5161 5049 5160
5160 5049 5048
5160 5048 5159
5160 5159 5048
5214 5159 5213
5213 5159 5158
5213 5158 5212
5213 5212 5158
5266 5212 5265
5265 5212 5211
5265 5211 5264
5265 5264 5211
5317 5264 5316
5316 5264 5263
5316 5263 5315
5315 5263 5262
5315 5262 5314
5315 5314 5262
5366 5314 5365
5365 5314 5313
5365 5313 5364
5365 5364 5313
5415 5364 5414
5415 5414 5364
5464 5414 5463
5463 5414 5413
5463 5413 5462
5462 5413 5412
5462 5412 5461
5462 5461 5412
5510 5461 5509
5509 5461 5460
5509 5460 5508
5509 5508 5460
5556 5508 5555
5556 5555 5508
5602 5555 5601
5601 5555 5554
5601 5554 5600
5601 5600 5554
5646 5600 5645
5645 5600 5599
5645 5599 5644
5645 5644 5599
5689 5644 5688
5688 5644 5643
5688 5643 5687
5688 5687 5643
5731 5687 5730
5731 5730 5687
5773 5730 3441
5773 3441 5730
5773 3442 3441
5815 3442 5773
5815 3443 3442
5856 3443 5815
5856 3444 3443
5896 3444 5856
5896 3445 3444
5896 5935 3445
5897 5935 5896
5897 5936 5935
5898 5936 5897
5898 5937 5936
5898 5899 5859
5859 5899 5898
5860 5899 5859
5860 5900 5899
5860 5861 5820
5820 5861 5860
5820 5821 5779
5779 5821 5820
5780 5821 5779
5780 5822 5821
5780 5781 5738
5738 5781 5780
5739 5781 5738
5739 5782 5781
5739 5740 5696
5696 5740 5739
5697 5740 5696
5697 5741 5740
5697 5698 5653
5653 5698 5697
5653 5654 5608
5608 5654 5653
5609 5654 5608
5609 5655 5654
5609 5610 5563
5563 5610 5609
5564 5610 5563
5564 5611 5610
5564 5565 5517
5517 5565 5564
5518 5565 5517
5518 5566 5565
5518 5519 5470
5470 5519 5518
5471 5519 5470
5471 5520 5519
5471 5472 5422
5422 5472 5471
5423 5472 5422
5423 5473 5472
5423 5424 5373
5373 5424 5423
5374 5424 5373
5374 5425 5424
5374 5375 5323
5323 5375 5374
5324 5375 5323
5324 5376 5375
5324 5325 5272
5272 5325 5324
5273 5325 5272
5273 5326 5325
5274 5326 5273
5274 5327 5326
5274 5275 5221
5221 5275 5274
5222 5275 5221
5222 5276 5275
5222 5223 5168
5168 5223 5222
5169 5223 5168
5169 5224 5223
5169 5170 5058
5058 5170 5169
5059 5170 5058
5059 5171 5170
5059 5060 5171
8118 5060 5059
8138 5060 8118
8138 5061 5060
8138 8157 5061
8139 8157 8138
8158 8157 8139
8158 8175 8157
8176 8175 8158
8176 8192 8175
8176 8193 8192
8177 8193 8176
8194 8193 8177
8194 8209 8193
8210 8209 8194
8210 8224 8209
8210 8225 8224
8211 8225 8210
8226 8225 8211
8226 8239 8225
8240 8239 8226
8240 8252 8239
8253 8252 8240
8253 8264 8252
8253 8265 8264
8254 8265 8253
8254 8266 8265
8255 8266 8254
8267 8266 8255
8267 8277 8266
8267 8278 8277
8268 8278 8267
8279 8278 8268
8279 8288 8278
8279 8289 8288
8280 8289 8279
8290 8289 8280
8290 8298 8289
8290 8299 8298
8291 8299 8290
6740 8299 8291
6740 6739 8299
6740 18148 18139
18139 18148 6740
18139 18140 18130
18130 18140 18139
18131 18140 18130
18131 18141 18140
18131 18132 18121
18121 18132 18131
18121 18122 18110
18110 18122 18121
18110 18111 18098
18098 18111 18110
18099 18111 18098
18099 18112 18111
18099 18100 18086
18086 18100 18099
18086 18087 18072
18072 18087 18086
18073 18087 18072
18073 18088 18087
18073 18074 18058
18058 18074 18073
18058 18059 18042
18042 18059 18058
18042 18043 18025
18025 18043 18042
18025 18026 18007
18007 18026 18025
18008 18026 18007
18008 18027 18026
18008 18009 17989
17989 18009 18008
17989 17990 17969
17969 17990 17989
17969 17970 17948
17948 17970 17969
17948 17949 17926
17926 17949 17948
17927 17949 17926
17927 17950 17949
17927 17928 17904
17904 17928 17927
17904 17905 17880
17880 17905 17904
17880 17881 17855
17855 17881 17880
17855 17856 17829
17829 17856 17855
17829 17830 17802
17802 17830 17829
17802 17803 17774
17774 17803 17802
17774 17775 17745
17745 17775 17774
17745 17746 17715
17715 17746 17745
17715 17716 17684
17684 17716 17715
17684 17685 17652
17652 17685 17684
17652 17653 17619
17619 17653 17652
17619 17620 17585
17585 17620 17619
17585 17586 17550
17550 17586 17585
17551 17586 17550
17551 17587 17586
17551 17552 17515
17515 17552 17551
17515 17516 17478
17478 17516 17515
17478 17479 17440
17478 17440 17439
17439 17440 17400
17439 17400 17399
17439 17399 17438
17438 17399 17398
17438 17398 17437
17438 17437 17398
17476 17437 17475
17475 17437 17436
17475 17436 17474
17475 17474 17436
17512 17474 17511
17512 17511 17474
17548 17511 17547
17547 17511 17510
17547 17510 17546
17547 17546 17510
17582 17546 17581
17582 17581 17546
17616 17581 17615
17615 17581 17580
17615 17580 17614
17615 17614 17580
17648 17614 17647
17647 17614 17613
17647 17613 17646
17646 17613 17612
17646 17612 17645
17646 17645 17612
17678 17645 17677
17678 17677 17645
17709 17677 17708
17709 17708 17677
17709 17739 17708
17740 17739 17709
17740 17769 17739
17770 17769 17740
17798 17769 17797
17798 17797 17769
17825 17797 17824
17825 17824 17797
17825 17851 17824
17852 17851 17825
17877 17851 17876
17877 17876 17851
17901 17876 17900
17901 17900 17876
17924 17900 17923
17923 17900 17899
17923 17899 17922
17923 17922 17899
17945 17922 17944
17944 17922 17921
17944 17921 17943
17944 17943 17921
17965 17943 17964
17964 17943 17942
17964 17942 17963
17964 17963 17942
17984 17963 17983
17984 17983 17963
18003 17983 18002
18002 17983 17982
18002 17982 18001
18002 18001 17982
18020 18001 18019
18020 18019 18001
18037 18019 18036
18036 18019 18018
18036 18018 18035
18036 18035 18018
18052 18035 18051
18052 18051 18035
18067 18051 18066
18067 18066 18051
18081 18066 18080
18080 18066 18065
18080 18065 18079
18080 18079 18065
18093 18079 6745
18093 6745 18079
6744 6745 8249
8249 6745 8236
8249 8236 8235
8249 8235 8248
8248 8235 8234
8234 8235 8220
8234 8220 8219
8234 8219 8233
8233 8219 8218
8218 8219 8203
8218 8203 8202
8218 8202 8217
8217 8202 8201
8201 8202 8185
8201 8185 8184
8201 8184 8200
8200 8184 8183
8183 8184 8166
8183 8166 8165
8183 8165 8182
8182 8165 8164
8164 8165 8146
8164 8146 8145
8164 8145 8163
8163 8145 8144
8144 8145 8125
8144 8125 8124
8124 8125 8104
8124 8104 8103
8124 8103 8123
8123 8103 8102
8102 8103 8081
8102 8081 8080
8102 8080 8101
8101 8080 8079
8079 8080 8057
8079 8057 8056
8079 8056 8078
8078 8056 8055
8055 8056 8032
8055 8032 8031
8031 8032 8007
8031 8007 8006
8031 8006 8030
8030 8006 8005
8005 8006 7980
8005 7980 7979
8005 7979 8004
8004 7979 7978
7978 7979 7952
7978 7952 7951
7978 7951 7977
7977 7951 7950
7950 7951 7923
7950 7923 7922
7950 7922 5052
5052 7922 5051
5051 7922 7893
5051 7893 5050
</Vertices>
                <Weights>0.67 0.33 0
0.67 0.33 0
0.67 0.33 0
0.67 0.33 0
0.67 0.33 0
0.67 0.33 0
0.67 0.33 0
0.67 0.33 0
0.67 0.33 0
0.67 0.33 0
0.67 0.33 0
0.67 0.33 0
0.67 0.33 0
0.67 0.33 0
0.67 0.33 0
0.67 0.33 0
0.67 0.33 0
0.67 0.33 0
0.67 0.33 0
0.67 0.33 0
0.67 0.33 0
0.67 0.33 0
0.67 0.33 0
0.67 0.33 0
0.67 0.33 0
0.67 0.33 0
0.67 0.33 0
0.67 0.33 0
0.67 0.33 0
0.67 0.33 0
0.67 0.33 0
0.67 0.33 0
0.67 0.33 0
0.67 0.33 0
0.67 0.33 0
0.67 0.33 0
0.67 0.33 0
0.67 0.33 0
0.67 0.33 0
0.67 0.33 0
0.67 0.33 0
0.67 0.33 0
0.67 0.33 0
0.67 0.33 0
0.67 0.33 0
0.67 0.33 0
0.67 0.33 0
0.67 0.33 0
0.67 0.33 0
0.67 0.33 0
0.67 0.33 0
0.67 0.33 0
0.67 0.33 0
0.67 0.33 0
0.67 0.33 0
0.67 0.33 0
0.67 0.33 0
0.67 0.33 0
0.67 0.33 0
0.67 0.33 0
0.67 0.33 0
0.67 0.33 0
0.67 0.33 0
0.67 0.33 0
0.67 0.33 0
0.67 0.33 0
0.67 0.33 0
0.67 0.33 0
0.67 0.33 0
0.67 0.33 0
0.67 0.33 0
0.67 0.33 0
0.67 0.33 0
0.67 0.33 0
0.67 0.33 0
0.67 0.33 0
0.67 0.33 0
0.67 0.33 0
0.67 0.33 0
0.67 0.33 0
0.67 0.33 0
0.67 0.33 0
0.67 0.33 0
0.67 0.33 0
0.67 0.33 0
0.67 0.33 0
0.67 0.33 0
0.67 0.33 0
0.67 0.33 0
0.67 0.33 0
0.67 0.33 0
0.67 0.33 0
0.67 0.33 0
0.67 0.33 0
0.67 0.33 0
0.67 0.33 0
0.67 0.33 0
0.67 0.33 0
0.67 0.33 0
0.67 0.33 0
0.67 0.33 0
0.67 0.33 0
0.67 0.33 0
0.67 0.33 0
0.67 0.33 0
0.67 0.33 0
0.67 0.33 0
0.67 0.33 0
0.67 0.33 0
0.67 0.33 0
0.67 0.33 0
0.67 0.33 0
0.67 0.33 0
0.67 0.33 0
0.67 0.33 0
0.67 0.33 0
0.67 0.33 0
0.67 0.33 0
0.67 0.33 0
0.67 0.33 0
0.67 0.33 0
0.67 0.33 0
0.67 0.33 0
0.67 0.33 0
0.67 0.33 0
0.67 0.33 0
0.67 0.33 0
0.67 0.33 0
0.67 0.33 0
0.67 0.33 0
0.67 0.33 0
0.67 0.33 0
0.67 0.33 0
0.67 0.33 0
0.67 0.33 0
0.67 0.33 0
0.67 0.33 0
0.67 0.33 0
0.67 0.33 0
0.67 0.33 0
0.67 0.33 0
0.67 0.33 0
0.67 0.33 0
0.67 0.33 0
0.67 0.33 0
0.67 0.33 0
0.67 0.33 0
0.67 0.33 0
0.67 0.33 0
0.67 0.33 0
0.67 0.33 0
0.67 0.33 0
0.67 0.33 0
0.67 0.33 0
0.67 0.33 0
0.67 0.33 0
0.67 0.33 0
0.67 0.33 0
0.67 0.33 0
0.67 0.33 0
0.67 0.33 0
0.67 0.33 0
0.67 0.33 0
0.67 0.33 0
0.67 0.33 0
0.67 0.33 0
0.67 0.33 0
0.67 0.33 0
0.67 0.33 0
0.67 0.33 0
0.67 0.33 0
0.67 0.33 0
0.67 0.33 0
0.67 0.33 0
0.67 0.33 0
0.67 0.33 0
0.67 0.33 0
0.67 0.33 0
0.67 0.33 0
0.67 0.33 0
0.67 0.33 0
0.67 0.33 0
0.67 0.33 0
0.67 0.33 0
0.67 0.33 0
0.67 0.33 0
0.67 0.33 0
0.67 0.33 0
0.67 0.33 0
0.67 0.33 0
0.67 0.33 0
0.67 0.33 0
0.67 0.33 0
0.67 0.33 0
0.67 0.33 0
0.67 0.33 0
0.67 0.33 0
0.67 0.33 0
0.67 0.33 0
0.67 0.33 0
0.67 0.33 0
0.67 0.33 0
0.67 0.33 0
0.67 0.33 0
0.67 0.33 0
0.67 0.33 0
0.67 0.33 0
0.67 0.33 0
0.67 0.33 0
0.67 0.33 0
0.67 0.33 0
0.67 0.33 0
0.67 0.33 0
0.67 0.33 0
0.67 0.33 0
0.67 0.33 0
0.67 0.33 0
0.67 0.33 0
0.67 0.33 0
0.67 0.33 0
0.67 0.33 0
0.67 0.33 0
0.67 0.33 0
0.67 0.33 0
0.67 0.33 0
0.67 0.33 0
0.67 0.33 0
0.67 0.33 0
0.67 0.33 0
0.67 0.33 0
0.67 0.33 0
0.67 0.33 0
0.67 0.33 0
0.67 0.33 0
0.67 0.33 0
0.67 0.33 0
0.67 0.33 0
0.67 0.33 0
0.67 0.33 0
0.67 0.33 0
0.67 0.33 0
0.67 0.33 0
0.67 0.33 0
0.67 0.33 0
0.67 0.33 0
0.67 0.33 0
0.67 0.33 0
0.67 0.33 0
0.67 0.33 0
0.67 0.33 0
0.67 0.33 0
0.67 0.33 0
0.67 0.33 0
0.67 0.33 0
0.67 0.33 0
0.67 0.33 0
0.67 0.33 0
0.67 0.33 0
0.67 0.33 0
0.67 0.33 0
0.67 0.33 0
0.67 0.33 0
0.67 0.33 0
0.67 0.33 0
0.67 0.33 0
0.67 0.33 0
0.67 0.33 0
0.67 0.33 0
0.67 0.33 0
0.67 0.33 0
0.67 0.33 0
0.67 0.33 0
0.67 0.33 0
0.67 0.33 0
0.67 0.33 0
0.67 0.33 0
0.67 0.33 0
0.67 0.33 0
0.67 0.33 0
0.67 0.33 0
0.67 0.33 0
0.67 0.33 0
0.67 0.33 0
0.67 0.33 0
0.67 0.33 0
0.67 0.33 0
0.67 0.33 0
0.67 0.33 0
0.67 0.33 0
0.67 0.33 0
0.67 0.33 0
0.67 0.33 0
0.67 0.33 0
0.67 0.33 0
0.67 0.33 0
0.67 0.33 0
0.67 0.33 0
0.67 0.33 0
0.67 0.33 0
0.67 0.33 0
0.67 0.33 0
0.67 0.33 0
0.67 0.33 0
0.67 0.33 0
0.67 0.33 0
0.67 0.33 0
0.67 0.33 0
0.67 0.33 0
0.67 0.33 0
0.67 0.33 0
0.67 0.33 0
0.67 0.33 0
0.67 0.33 0
0.67 0.33 0
0.67 0.33 0
0.67 0.33 0
0.67 0.33 0
0.67 0.33 0
0.67 0.33 0
0.67 0.33 0
0.67 0.33 0
0.67 0.33 0
0.67 0.33 0
0.67 0.33 0
0.67 0.33 0
0.67 0.33 0
0.67 0.33 0
0.67 0.33 0
0.67 0.33 0
0.67 0.33 0
0.67 0.33 0
0.67 0.33 0
0.67 0.33 0
0.67 0.33 0
0.67 0.33 0
0.67 0.33 0
0.67 0.33 0
0.67 0.33 0
0.67 0.33 0
0.67 0.33 0
0.67 0.33 0
0.67 0.33 0
0.67 0.33 0
0.67 0.33 0
0.67 0.33 0
0.67 0.33 0
0.67 0.33 0
0.67 0.33 0
0.67 0.33 0
0.67 0.33 0
0.67 0.33 0
0.67 0.33 0
0.67 0.33 0
0.67 0.33 0
0.67 0.33 0
0.67 0.33 0
0.67 0.33 0
0.67 0.33 0
0.67 0.33 0
0.67 0.33 0
0.67 0.33 0
0.67 0.33 0
0.67 0.33 0
0.67 0.33 0
0.67 0.33 0
0.67 0.33 0
0.67 0.33 0
0.67 0.33 0
0.67 0.33 0
0.67 0.33 0
0.67 0.33 0
0.67 0.33 0
0.67 0.33 0
0.67 0.33 0
0.67 0.33 0
0.67 0.33 0
0.67 0.33 0
0.67 0.33 0
0.67 0.33 0
0.67 0.33 0
0.67 0.33 0
0.67 0.33 0
0.67 0.33 0
0.67 0.33 0
0.67 0.33 0
0.67 0.33 0
0.67 0.33 0
0.67 0.33 0
</Weights>
            </BorderPart>
        </Border>
        <Border Name="04-PrCG2" Red="0.262745" Green="0.741176" Blue="0.572549">
            <BorderPart Closed="True">
                <Vertices>5060 5059 5171
5171 5059 5170
5170 5059 5058
5170 5058 5169
5170 5169 5058
5224 5169 5223
5223 5169 5168
5223 5168 5222
5223 5222 5168
5276 5222 5275
5275 5222 5221
5275 5221 5274
5275 5274 5221
5327 5274 5326
5326 5274 5273
5326 5273 5325
5325 5273 5272
5325 5272 5324
5325 5324 5272
5376 5324 5375
5375 5324 5323
5375 5323 5374
5375 5374 5323
5425 5374 5424
5424 5374 5373
5424 5373 5423
5424 5423 5373
5473 5423 5472
5472 5423 5422
5472 5422 5471
5472 5471 5422
5520 5471 5519
5519 5471 5470
5519 5470 5518
5519 5518 5470
5566 5518 5565
5565 5518 5517
5565 5517 5564
5565 5564 5517
5611 5564 5610
5610 5564 5563
5610 5563 5609
5610 5609 5563
5655 5609 5654
5654 5609 5608
5654 5608 5653
5654 5653 5608
5698 5653 5697
5698 5697 5653
5741 5697 5740
5740 5697 5696
5740 5696 5739
5740 5739 5696
5782 5739 5781
5781 5739 5738
5781 5738 5780
5781 5780 5738
5822 5780 5821
5821 5780 5779
5821 5779 5820
5821 5820 5779
5861 5820 5860
5861 5860 5820
5900 5860 5899
5899 5860 5859
5899 5859 5898
5899 5898 5859
5937 5898 5936
5937 5936 5898
5937 5974 5936
5975 5974 5937
5975 6011 5974
5975 6012 6011
5976 6012 5975
5976 6013 6012
5977 6013 5976
5977 6014 6013
5978 6014 5977
5978 6015 6014
5979 6015 5978
5979 6016 6015
5979 5980 5942
5942 5980 5979
5942 5943 5904
5904 5943 5942
5904 5905 5865
5865 5905 5904
5865 5866 5825
5825 5866 5865
5826 5866 5825
5826 5867 5866
5826 5827 5785
5785 5827 5826
5786 5827 5785
5786 5828 5827
5786 5787 5744
5744 5787 5786
5745 5787 5744
5745 5788 5787
5745 5746 5702
5702 5746 5745
5703 5746 5702
5703 5747 5746
5703 5704 5659
5659 5704 5703
5659 5660 5614
5614 5660 5659
5615 5660 5614
5615 5661 5660
5615 5616 5569
5569 5616 5615
5570 5616 5569
5570 5617 5616
5570 5571 5523
5523 5571 5570
5524 5571 5523
5524 5572 5571
5524 5525 5476
5476 5525 5524
5477 5525 5476
5477 5526 5525
5477 5478 5428
5428 5478 5477
5429 5478 5428
5429 5479 5478
5429 5430 5379
5379 5430 5429
5380 5430 5379
5380 5431 5430
5380 5381 5329
5329 5381 5380
5330 5381 5329
5330 5382 5381
5331 5382 5330
5331 5383 5382
5331 5332 5279
5279 5332 5331
5280 5332 5279
5280 5333 5332
5280 5281 5227
5227 5281 5280
5228 5281 5227
5228 5282 5281
5228 5229 5174
5174 5229 5228
5175 5229 5174
5175 5230 5229
5176 5230 5175
5176 5231 5230
5176 5177 5065
5065 5177 5176
5066 5177 5065
5066 5178 5177
5067 5178 5066
5067 5179 5178
5067 5068 5179
8250 5068 5067
8262 5068 8250
8262 5069 5068
8262 8273 5069
8263 8273 8262
8263 8274 8273
8263 8264 8252
8252 8264 8263
8252 8253 8240
8252 8240 8239
8239 8240 8226
8239 8226 8225
8225 8226 8211
8225 8211 8210
