<?xml version="1.0" encoding="UTF-8"?>
<BorderFile Version="3" Structure="CORTEX_LEFT" SurfaceNumberOfVertices="32492">
    <MetaData>
        <MD>
            <Name>ParentProvenance</Name>
            <Value>L:\dHCP\NMPP\01sulcus\1surface\week-40_hemi-left_space-dhcpSym_dens-32k_midthickness.surf.gii:
/home/logan/software/workbench/bin_linux64/../exe_linux64/wb_command -surface-resample /home/logan/Desktop/dhcp-surface-atlas-10dec20_symmetric/templateDHCP-symmetric/dHCP.week40.L.midthickness.sym.surf.gii /home/logan/Desktop/dhcp-surface-atlas-10dec20_symmetric/templateDHCP-symmetric/dHCP.week40.L.sphere.sym.surf.gii /home/logan/Desktop/dhcp-surface-atlas-10dec20/dHCP.week40.L.sphere.surf.gii BARYCENTRIC /home/logan/Desktop/dhcp-surface-atlas-10dec20_symmetric/templateDHCP-symmetric/dHCP.week40.L.midthickness.sym.regular.mesh.surf.gii

L:\dHCP\NMPP\10_final_draw\border\final_rois_left.func.gii:
wb_command -border-to-rois L:\dHCP\NMPP\01sulcus\1surface\week-40_hemi-left_space-dhcpSym_dens-32k_midthickness.surf.gii L:\dHCP\NMPP\10_final_draw\border\final_border_left.border L:\dHCP\NMPP\10_final_draw\border\final_rois_left.func.gii

</Value>
        </MD>
        <MD>
            <Name>ProgramProvenance</Name>
            <Value>Connectome Workbench
Type: Command Line Application
Version: 1.5.0
Qt Compiled Version: 5.7.0
Qt Runtime Version: 5.7.0
Commit: 76441605d20536d81034a64c9d34ec393aa528b9
Commit Date: 2021-02-16 13:46:47 -0600
Compiled with OpenMP: YES
Compiler: cl.exe (C:/Program Files (x86)/Microsoft Visual Studio 14.0/VC/bin/amd64)
Compiler Version: 19.0.24215.1
Compiled Debug: NO
Operating System: Windows
</Value>
        </MD>
        <MD>
            <Name>Provenance</Name>
            <Value>wb_command -metric-rois-to-border L:\dHCP\NMPP\01sulcus\1surface\week-40_hemi-left_space-dhcpSym_dens-32k_midthickness.surf.gii L:\dHCP\NMPP\10_final_draw\border\final_rois_left.func.gii local_similarity L:\dHCP\NMPP\10_final_draw\border\final_border_left.border -placement 0.33</Value>
        </MD>
        <MD>
            <Name>WorkingDirectory</Name>
            <Value>L:/dHCP/NMPP/10_final_draw/border</Value>
        </MD>
    </MetaData>
    <Class Name="local_similarity" Red="0" Green="0" Blue="0">
        <Border Name="01-PoCG1" Red="0.270588" Green="0.447059" Blue="0.231373">
            <BorderPart Closed="True">
                <Vertices>3429 3428 3538
3538 3428 3427
3538 3427 3426
3538 3426 3537
3537 3426 3425
3537 3425 3536
3536 3425 3424
3536 3424 3535
3535 3424 3423
3535 3423 3534
3534 3423 3422
3534 3422 3533
3533 3422 3421
3533 3421 3532
3532 3421 3420
3532 3420 3531
3532 3531 3420
3586 3531 3585
3586 3585 3531
3639 3585 3638
3639 3638 3585
3691 3638 3690
3691 3690 3638
3742 3690 3741
3742 3741 3690
3742 3792 3741
3793 3792 3742
3793 3842 3792
3793 3843 3842
3794 3843 3793
3794 3844 3843
3794 3795 3744
3744 3795 3794
3745 3795 3744
3796 3795 3745
3796 3845 3795
3796 3846 3845
3797 3846 3796
3797 3847 3846
3798 3847 3797
3798 3434 3847
3798 3433 3748
3748 3433 3798
3432 3433 3748
5350 3433 3432
5350 5401 3433
5350 5351 5299
5299 5351 5350
5300 5351 5299
5300 5352 5351
5300 5301 5248
5248 5301 5300
5249 5301 5248
5249 5302 5301
5249 5250 5196
5196 5250 5249
5197 5250 5196
5197 5251 5250
5197 5198 5143
5143 5198 5197
5144 5198 5143
5144 5199 5198
5145 5199 5144
5145 5200 5199
5146 5200 5145
5146 5201 5200
5147 5201 5146
5147 5202 5201
5147 5148 5036
5036 5148 5147
5037 5148 5036
5037 5149 5148
5038 5149 5037
5038 5150 5149
5038 5039 5150
7467 5039 5038
7508 5039 7467
7508 5040 5039
7508 7548 5040
7509 7548 7508
7549 7548 7509
7549 7587 7548
7588 7587 7549
7588 7625 7587
7588 7626 7625
7589 7626 7588
7627 7626 7589
7627 7663 7626
7664 7663 7627
7664 7699 7663
7664 7700 7699
7665 7700 7664
7701 7700 7665
7701 7735 7700
7701 7736 7735
7702 7736 7701
7737 7736 7702
7737 7770 7736
7737 7771 7770
7738 7771 7737
7772 7771 7738
7772 7804 7771
7772 7805 7804
7773 7805 7772
7806 7805 7773
7806 7837 7805
7806 7838 7837
7807 7838 7806
7839 7838 7807
7839 7869 7838
7839 7870 7869
7840 7870 7839
7871 7870 7840
7871 7900 7870
7901 7900 7871
7901 7929 7900
7901 7930 7929
7902 7930 7901
7931 7930 7902
7931 7958 7930
7931 7959 7958
7932 7959 7931
7960 7959 7932
7960 7986 7959
7960 7987 7986
7961 7987 7960
7988 7987 7961
7988 8013 7987
7988 8014 8013
7989 8014 7988
7989 8015 8014
7990 8015 7989
7990 8016 8015
7990 7991 7964
7964 7991 7990
7965 7991 7964
7965 7992 7991
7966 7992 7965
7966 7993 7992
7967 7993 7966
7994 7993 7967
7994 8019 7993
7994 8020 8019
7995 8020 7994
7995 8021 8020
7996 8021 7995
8022 8021 7996
8022 8046 8021
8022 8047 8046
8023 8047 8022
8048 8047 8023
8048 8071 8047
8048 8072 8071
8049 8072 8048
8073 8072 8049
8073 8095 8072
8073 8096 8095
8074 8096 8073
8074 6754 8096
6755 6754 8074
17908 6754 6755
17908 17931 6754
17908 17909 17885
17885 17909 17908
17886 17909 17885
17886 17910 17909
17886 17887 17862
17862 17887 17886
17863 17887 17862
17863 17888 17887
17863 17864 17838
17838 17864 17863
17838 17839 17812
17812 17839 17838
17813 17839 17812
17813 17840 17839
17813 17814 17786
17786 17814 17813
17787 17814 17786
17787 17815 17814
17787 17788 17759
17759 17788 17787
17759 17760 17730
17730 17760 17759
17731 17760 17730
17731 17761 17760
17731 17732 17701
17701 17732 17731
17701 17702 17670
17670 17702 17701
17671 17702 17670
17671 17703 17702
17672 17703 17671
17672 17704 17703
17672 17673 17640
17640 17673 17672
17641 17673 17640
17641 17674 17673
17642 17674 17641
17642 17675 17674
17643 17675 17642
17676 17675 17643
17676 17707 17675
17676 17708 17707
17677 17708 17676
17677 17709 17708
17677 17678 17645
17645 17678 17677
17646 17678 17645
17646 17679 17678
17646 17647 17613
17613 17647 17646
17614 17647 17613
17614 17648 17647
17614 17615 17580
17580 17615 17614
17581 17615 17580
17581 17616 17615
17581 17582 17546
17546 17582 17581
17547 17582 17546
17547 17583 17582
17547 17548 17511
17511 17548 17547
17512 17548 17511
17512 17549 17548
17512 17513 17475
17475 17513 17512
17475 17476 17437
17437 17476 17475
17437 17438 17398
17398 17438 17437
17398 17399 17358
17398 17358 17357
17357 17358 17316
17357 17316 17315
17357 17315 17356
17356 17315 17314
17356 17314 17355
17355 17314 17313
17313 17314 17271
17313 17271 17270
17313 17270 17312
17312 17270 17269
17312 17269 17311
17311 17269 17268
17311 17268 17310
17310 17268 17267
17310 17267 17309
17309 17267 17266
17309 17266 17308
17308 17266 17265
17308 17265 17307
17308 17307 17265
17349 17307 17348
17349 17348 17307
17389 17348 17388
17389 17388 17348
17428 17388 17427
17427 17388 17387
17427 17387 17426
17427 17426 17387
17465 17426 17464
17464 17426 17425
17464 17425 17463
17464 17463 17425
17501 17463 17500
17501 17500 17463
17537 17500 17536
17536 17500 17499
17536 17499 17535
17535 17499 17498
17535 17498 17534
17535 17534 17498
17570 17534 17569
17570 17569 17534
17604 17569 17603
17603 17569 17568
17603 17568 17602
17603 17602 17568
17636 17602 17635
17635 17602 17601
17635 17601 17634
17635 17634 17601
17667 17634 17666
17666 17634 17633
17666 17633 17665
17666 17665 17633
17697 17665 17696
17697 17696 17665
17727 17696 17726
17726 17696 17695
17726 17695 17725
17726 17725 17695
17755 17725 17754
17754 17725 17724
17754 17724 17753
17753 17724 17723
17753 17723 17752
17753 17752 17723
17781 17752 17780
17781 17780 17752
17808 17780 17807
17807 17780 17779
17807 17779 17806
17807 17806 17779
17833 17806 6758
17833 6758 17806
6757 6758 8002
8002 6758 7976
8002 7976 7975
8002 7975 8001
8001 7975 7974
7974 7975 7947
7974 7947 7946
7974 7946 7973
7973 7946 7945
7973 7945 7972
7972 7945 7944
7944 7945 7916
7944 7916 7915
7944 7915 7943
7943 7915 7914
7914 7915 7885
7914 7885 7884
7914 7884 7913
7913 7884 7883
7913 7883 7912
7912 7883 7882
7882 7883 7852
7882 7852 7851
7882 7851 7881
7881 7851 7850
7881 7850 7880
7880 7850 7849
7849 7850 7818
7849 7818 7817
7849 7817 7848
7848 7817 7816
7816 7817 7784
7816 7784 7783
7783 7784 7750
7783 7750 7749
7783 7749 7782
7782 7749 7748
7748 7749 7714
7748 7714 7713
7748 7713 7747
7747 7713 7712
7712 7713 7677
7712 7677 7676
7712 7676 7711
7711 7676 7675
7675 7676 7639
7675 7639 7638
7675 7638 7674
7674 7638 7637
7637 7638 7600
7637 7600 7599
7599 7600 7561
7599 7561 7560
7599 7560 7598
7598 7560 7559
7559 7560 7520
7559 7520 7519
7559 7519 7558
7558 7519 7518
7518 7519 7478
7518 7478 7477
7518 7477 7517
7517 7477 7476
7476 7477 7435
7476 7435 7434
7476 7434 7475
7475 7434 7433
7433 7434 7391
7433 7391 7390
7433 7390 7432
7432 7390 7389
7432 7389 7431
7431 7389 7388
7388 7389 7345
7388 7345 7344
7388 7344 7387
7387 7344 7343
7343 7344 7299
7343 7299 7298
7343 7298 7342
7342 7298 7297
7297 7298 7252
7297 7252 7251
7297 7251 7296
7296 7251 7250
7250 7251 7204
7250 7204 7203
7250 7203 7249
7249 7203 7202
7202 7203 7155
7202 7155 7154
7202 7154 7201
7201 7154 7153
7153 7154 7105
7153 7105 7104
7153 7104 7152
7152 7104 7103
7103 7104 7054
7103 7054 7053
7053 7054 7003
7053 7003 7002
7053 7002 5029
5029 7002 5028
5028 7002 6950
5028 6950 5027
5027 6950 6897
5027 6897 5026
5027 5026 5138
5138 5026 5137
5137 5026 5025
5137 5025 5136
5137 5136 5025
5191 5136 3429
3429 5136 3428
</Vertices>
                <Weights>0.67 0.33 0
0.67 0.33 0
0.67 0.33 0
0.67 0.33 0
0.67 0.33 0
0.67 0.33 0
0.67 0.33 0
0.67 0.33 0
0.67 0.33 0
0.67 0.33 0
0.67 0.33 0
0.67 0.33 0
0.67 0.33 0
0.67 0.33 0
0.67 0.33 0
0.67 0.33 0
0.67 0.33 0
0.67 0.33 0
0.67 0.33 0
0.67 0.33 0
0.67 0.33 0
0.67 0.33 0
0.67 0.33 0
0.67 0.33 0
0.67 0.33 0
0.67 0.33 0
0.67 0.33 0
0.67 0.33 0
0.67 0.33 0
0.67 0.33 0
0.67 0.33 0
0.67 0.33 0
0.67 0.33 0
0.67 0.33 0
0.67 0.33 0
0.67 0.33 0
0.67 0.33 0
0.67 0.33 0
0.67 0.33 0
0.67 0.33 0
0.67 0.33 0
0.67 0.33 0
0.67 0.33 0
0.67 0.33 0
0.67 0.33 0
0.67 0.33 0
0.67 0.33 0
0.67 0.33 0
0.67 0.33 0
0.67 0.33 0
0.67 0.33 0
0.67 0.33 0
0.67 0.33 0
0.67 0.33 0
0.67 0.33 0
0.67 0.33 0
0.67 0.33 0
0.67 0.33 0
0.67 0.33 0
0.67 0.33 0
0.67 0.33 0
0.67 0.33 0
0.67 0.33 0
0.67 0.33 0
0.67 0.33 0
0.67 0.33 0
0.67 0.33 0
0.67 0.33 0
0.67 0.33 0
0.67 0.33 0
0.67 0.33 0
0.67 0.33 0
0.67 0.33 0
0.67 0.33 0
0.67 0.33 0
0.67 0.33 0
0.67 0.33 0
0.67 0.33 0
0.67 0.33 0
0.67 0.33 0
0.67 0.33 0
0.67 0.33 0
0.67 0.33 0
0.67 0.33 0
0.67 0.33 0
0.67 0.33 0
0.67 0.33 0
0.67 0.33 0
0.67 0.33 0
0.67 0.33 0
0.67 0.33 0
0.67 0.33 0
0.67 0.33 0
0.67 0.33 0
0.67 0.33 0
0.67 0.33 0
0.67 0.33 0
0.67 0.33 0
0.67 0.33 0
0.67 0.33 0
0.67 0.33 0
0.67 0.33 0
0.67 0.33 0
0.67 0.33 0
0.67 0.33 0
0.67 0.33 0
0.67 0.33 0
0.67 0.33 0
0.67 0.33 0
0.67 0.33 0
0.67 0.33 0
0.67 0.33 0
0.67 0.33 0
0.67 0.33 0
0.67 0.33 0
0.67 0.33 0
0.67 0.33 0
0.67 0.33 0
0.67 0.33 0
0.67 0.33 0
0.67 0.33 0
0.67 0.33 0
0.67 0.33 0
0.67 0.33 0
0.67 0.33 0
0.67 0.33 0
0.67 0.33 0
0.67 0.33 0
0.67 0.33 0
0.67 0.33 0
0.67 0.33 0
0.67 0.33 0
0.67 0.33 0
0.67 0.33 0
0.67 0.33 0
0.67 0.33 0
0.67 0.33 0
0.67 0.33 0
0.67 0.33 0
0.67 0.33 0
0.67 0.33 0
0.67 0.33 0
0.67 0.33 0
0.67 0.33 0
0.67 0.33 0
0.67 0.33 0
0.67 0.33 0
0.67 0.33 0
0.67 0.33 0
0.67 0.33 0
0.67 0.33 0
0.67 0.33 0
0.67 0.33 0
0.67 0.33 0
0.67 0.33 0
0.67 0.33 0
0.67 0.33 0
0.67 0.33 0
0.67 0.33 0
0.67 0.33 0
0.67 0.33 0
0.67 0.33 0
0.67 0.33 0
0.67 0.33 0
0.67 0.33 0
0.67 0.33 0
0.67 0.33 0
0.67 0.33 0
0.67 0.33 0
0.67 0.33 0
0.67 0.33 0
0.67 0.33 0
0.67 0.33 0
0.67 0.33 0
0.67 0.33 0
0.67 0.33 0
0.67 0.33 0
0.67 0.33 0
0.67 0.33 0
0.67 0.33 0
0.67 0.33 0
0.67 0.33 0
0.67 0.33 0
0.67 0.33 0
0.67 0.33 0
0.67 0.33 0
0.67 0.33 0
0.67 0.33 0
0.67 0.33 0
0.67 0.33 0
0.67 0.33 0
0.67 0.33 0
0.67 0.33 0
0.67 0.33 0
0.67 0.33 0
0.67 0.33 0
0.67 0.33 0
0.67 0.33 0
0.67 0.33 0
0.67 0.33 0
0.67 0.33 0
0.67 0.33 0
0.67 0.33 0
0.67 0.33 0
0.67 0.33 0
0.67 0.33 0
0.67 0.33 0
0.67 0.33 0
0.67 0.33 0
0.67 0.33 0
0.67 0.33 0
0.67 0.33 0
0.67 0.33 0
0.67 0.33 0
0.67 0.33 0
0.67 0.33 0
0.67 0.33 0
0.67 0.33 0
0.67 0.33 0
0.67 0.33 0
0.67 0.33 0
0.67 0.33 0
0.67 0.33 0
0.67 0.33 0
0.67 0.33 0
0.67 0.33 0
0.67 0.33 0
0.67 0.33 0
0.67 0.33 0
0.67 0.33 0
0.67 0.33 0
0.67 0.33 0
0.67 0.33 0
0.67 0.33 0
0.67 0.33 0
0.67 0.33 0
0.67 0.33 0
0.67 0.33 0
0.67 0.33 0
0.67 0.33 0
0.67 0.33 0
0.67 0.33 0
0.67 0.33 0
0.67 0.33 0
0.67 0.33 0
0.67 0.33 0
0.67 0.33 0
0.67 0.33 0
0.67 0.33 0
0.67 0.33 0
0.67 0.33 0
0.67 0.33 0
0.67 0.33 0
0.67 0.33 0
0.67 0.33 0
0.67 0.33 0
0.67 0.33 0
0.67 0.33 0
0.67 0.33 0
0.67 0.33 0
0.67 0.33 0
0.67 0.33 0
0.67 0.33 0
0.67 0.33 0
0.67 0.33 0
0.67 0.33 0
0.67 0.33 0
0.67 0.33 0
0.67 0.33 0
0.67 0.33 0
0.67 0.33 0
0.67 0.33 0
0.67 0.33 0
0.67 0.33 0
0.67 0.33 0
0.67 0.33 0
0.67 0.33 0
0.67 0.33 0
0.67 0.33 0
0.67 0.33 0
0.67 0.33 0
0.67 0.33 0
0.67 0.33 0
0.67 0.33 0
0.67 0.33 0
0.67 0.33 0
0.67 0.33 0
0.67 0.33 0
0.67 0.33 0
0.67 0.33 0
0.67 0.33 0
0.67 0.33 0
0.67 0.33 0
0.67 0.33 0
0.67 0.33 0
0.67 0.33 0
0.67 0.33 0
0.67 0.33 0
0.67 0.33 0
0.67 0.33 0
0.67 0.33 0
0.67 0.33 0
0.67 0.33 0
0.67 0.33 0
0.67 0.33 0
0.67 0.33 0
0.67 0.33 0
0.67 0.33 0
0.67 0.33 0
0.67 0.33 0
0.67 0.33 0
0.67 0.33 0
0.67 0.33 0
0.67 0.33 0
0.67 0.33 0
0.67 0.33 0
0.67 0.33 0
0.67 0.33 0
0.67 0.33 0
0.67 0.33 0
0.67 0.33 0
0.67 0.33 0
0.67 0.33 0
0.67 0.33 0
0.67 0.33 0
0.67 0.33 0
0.67 0.33 0
0.67 0.33 0
0.67 0.33 0
0.67 0.33 0
0.67 0.33 0
0.67 0.33 0
0.67 0.33 0
0.67 0.33 0
0.67 0.33 0
0.67 0.33 0
0.67 0.33 0
0.67 0.33 0
0.67 0.33 0
0.67 0.33 0
0.67 0.33 0
0.67 0.33 0
0.67 0.33 0
0.67 0.33 0
0.67 0.33 0
0.67 0.33 0
0.67 0.33 0
0.67 0.33 0
0.67 0.33 0
0.67 0.33 0
0.67 0.33 0
0.67 0.33 0
0.67 0.33 0
0.67 0.33 0
0.67 0.33 0
0.67 0.33 0
0.67 0.33 0
0.67 0.33 0
0.67 0.33 0
0.67 0.33 0
0.67 0.33 0
0.67 0.33 0
0.67 0.33 0
0.67 0.33 0
0.67 0.33 0
0.67 0.33 0
0.67 0.33 0
0.67 0.33 0
0.67 0.33 0
0.67 0.33 0
0.67 0.33 0
0.67 0.33 0
0.67 0.33 0
0.67 0.33 0
0.67 0.33 0
0.67 0.33 0
0.67 0.33 0
0.67 0.33 0
0.67 0.33 0
0.67 0.33 0
0.67 0.33 0
0.67 0.33 0
0.67 0.33 0
0.67 0.33 0
0.67 0.33 0
0.67 0.33 0
0.67 0.33 0
0.67 0.33 0
0.67 0.33 0
0.67 0.33 0
0.67 0.33 0
0.67 0.33 0
0.67 0.33 0
0.67 0.33 0
0.67 0.33 0
0.67 0.33 0
0.67 0.33 0
0.67 0.33 0
0.67 0.33 0
0.67 0.33 0
0.67 0.33 0
0.67 0.33 0
0.67 0.33 0
0.67 0.33 0
0.67 0.33 0
0.67 0.33 0
0.67 0.33 0
0.67 0.33 0
0.67 0.33 0
0.67 0.33 0
0.67 0.33 0
0.67 0.33 0
0.67 0.33 0
0.67 0.33 0
0.67 0.33 0
0.67 0.33 0
0.67 0.33 0
0.67 0.33 0
0.67 0.33 0
0.67 0.33 0
0.67 0.33 0
0.67 0.33 0
</Weights>
            </BorderPart>
        </Border>
        <Border Name="02-PoCG2" Red="0.72549" Green="0.729412" Blue="0.584314">
            <BorderPart Closed="True">
                <Vertices>3434 3433 3798
3434 3798 3847
3847 3798 3797
3847 3797 3846
3846 3797 3796
3846 3796 3845
3845 3796 3795
3845 3795 3844
3844 3795 3794
3844 3794 3843
3844 3843 3794
3892 3843 3891
3892 3891 3843
3892 3939 3891
3940 3939 3892
3940 3986 3939
3987 3986 3940
3987 4032 3986
4033 4032 3987
4033 4077 4032
3439 4077 4033
3439 3440 4077
5686 3440 3439
5686 5730 3440
5687 5730 5686
5687 5731 5730
5687 5688 5643
5643 5688 5687
5643 5644 5598
5598 5644 5643
5598 5599 5552
5552 5599 5598
5552 5553 5505
5505 5553 5552
5506 5553 5505
5506 5554 5553
5506 5507 5458
5458 5507 5506
5458 5459 5409
5409 5459 5458
5410 5459 5409
5410 5460 5459
5410 5411 5360
5360 5411 5410
5361 5411 5360
5361 5412 5411
5362 5412 5361
5362 5413 5412
5362 5363 5311
5311 5363 5362
5312 5363 5311
5312 5364 5363
5313 5364 5312
5313 5365 5364
5313 5314 5261
5261 5314 5313
5262 5314 5261
5262 5315 5314
5262 5263 5209
5209 5263 5262
5210 5263 5209
5210 5264 5263
5210 5211 5156
5156 5211 5210
5157 5211 5156
5157 5212 5211
5157 5158 5046
5046 5158 5157
5047 5158 5046
5047 5159 5158
5047 5048 5159
7800 5048 5047
7832 5048 7800
7832 5049 5048
7832 7863 5049
7833 7863 7832
7864 7863 7833
7864 7893 7863
7864 7894 7893
7865 7894 7864
7895 7894 7865
7895 7923 7894
7895 7924 7923
7896 7924 7895
7925 7924 7896
7925 7952 7924
7953 7952 7925
7953 7979 7952
7953 7980 7979
7954 7980 7953
7981 7980 7954
7981 8006 7980
8007 8006 7981
8007 8031 8006
8007 8032 8031
8008 8032 8007
8008 8033 8032
8009 8033 8008
8034 8033 8009
8034 8057 8033
8034 8058 8057
8035 8058 8034
8059 8058 8035
8059 8081 8058
8082 8081 8059
8082 8103 8081
8082 8104 8103
8083 8104 8082
8105 8104 8083
8105 8125 8104
8126 8125 8105
8126 8145 8125
8126 8146 8145
8127 8146 8126
8147 8146 8127
8147 8165 8146
8166 8165 8147
8166 8183 8165
8166 8184 8183
8167 8184 8166
8185 8184 8167
8185 8201 8184
8185 8202 8201
8186 8202 8185
8203 8202 8186
8203 8218 8202
8203 8219 8218
8204 8219 8203
8220 8219 8204
8220 8234 8219
8220 8235 8234
8221 8235 8220
8236 8235 8221
8236 8249 8235
8236 6745 8249
6746 6745 8236
18079 6745 6746
18079 18093 6745
18079 18080 18065
18065 18080 18079
18065 18066 18050
18050 18066 18065
18050 18051 18034
18034 18051 18050
18034 18035 18017
18017 18035 18034
18018 18035 18017
18018 18036 18035
18018 18019 18000
18000 18019 18018
18000 18001 17981
17981 18001 18000
17982 18001 17981
17982 18002 18001
17982 17983 17962
17962 17983 17982
17963 17983 17962
17963 17984 17983
17963 17964 17942
17942 17964 17963
17942 17943 17920
17920 17943 17942
17921 17943 17920
17921 17944 17943
17921 17922 17898
17898 17922 17921
17898 17899 17874
17874 17899 17898
17874 17875 17849
17874 17849 17848
17848 17849 17822
17822 17849 17848
17822 17823 17795
17822 17795 17794
17794 17795 17766
17766 17795 17794
17766 17767 17737
17737 17767 17766
17737 17738 17707
17707 17738 17737
17707 17708 17676
17707 17676 17675
17675 17676 17643
17675 17643 17642
17675 17642 17674
17674 17642 17641
17674 17641 17673
17673 17641 17640
17673 17640 17672
17673 17672 17640
17704 17672 17703
17703 17672 17671
17703 17671 17702
17702 17671 17670
17702 17670 17701
17702 17701 17670
17732 17701 17731
17732 17731 17701
17761 17731 17760
17760 17731 17730
17760 17730 17759
17760 17759 17730
17788 17759 17787
17788 17787 17759
17815 17787 17814
17814 17787 17786
17814 17786 17813
17814 17813 17786
17840 17813 17839
17839 17813 17812
17839 17812 17838
17839 17838 17812
17864 17838 17863
17864 17863 17838
17888 17863 17887
17887 17863 17862
17887 17862 17886
17887 17886 17862
17910 17886 17909
17909 17886 17885
17909 17885 17908
17909 17908 17885
17931 17908 6754
6754 17908 6755
6754 6755 8074
6754 8074 8096
8096 8074 8073
8096 8073 8095
8095 8073 8072
8072 8073 8049
8072 8049 8048
8072 8048 8071
8071 8048 8047
8047 8048 8023
8047 8023 8022
8047 8022 8046
8046 8022 8021
8021 8022 7996
8021 7996 7995
8021 7995 8020
8020 7995 7994
8020 7994 8019
8019 7994 7993
7993 7994 7967
7993 7967 7966
7993 7966 7992
7992 7966 7965
7992 7965 7991
7991 7965 7964
7991 7964 7990
7991 7990 7964
8016 7990 8015
8015 7990 7989
8015 7989 8014
8014 7989 7988
8014 7988 8013
8013 7988 7987
7987 7988 7961
7987 7961 7960
7987 7960 7986
7986 7960 7959
7959 7960 7932
7959 7932 7931
7959 7931 7958
7958 7931 7930
7930 7931 7902
7930 7902 7901
7930 7901 7929
7929 7901 7900
7900 7901 7871
7900 7871 7870
7870 7871 7840
7870 7840 7839
7870 7839 7869
7869 7839 7838
7838 7839 7807
7838 7807 7806
7838 7806 7837
7837 7806 7805
7805 7806 7773
7805 7773 7772
7805 7772 7804
7804 7772 7771
7771 7772 7738
7771 7738 7737
7771 7737 7770
7770 7737 7736
7736 7737 7702
7736 7702 7701
7736 7701 7735
7735 7701 7700
7700 7701 7665
7700 7665 7664
7700 7664 7699
7699 7664 7663
7663 7664 7627
7663 7627 7626
7626 7627 7589
7626 7589 7588
7626 7588 7625
7625 7588 7587
7587 7588 7549
7587 7549 7548
7548 7549 7509
7548 7509 7508
7548 7508 5040
5040 7508 5039
5039 7508 7467
5039 7467 5038
5039 5038 5150
5150 5038 5149
5149 5038 5037
5149 5037 5148
5148 5037 5036
5148 5036 5147
5148 5147 5036
5202 5147 5201
5201 5147 5146
5201 5146 5200
5200 5146 5145
5200 5145 5199
5199 5145 5144
5199 5144 5198
5198 5144 5143
5198 5143 5197
5198 5197 5143
5251 5197 5250
5250 5197 5196
5250 5196 5249
5250 5249 5196
5302 5249 5301
5301 5249 5248
5301 5248 5300
5301 5300 5248
5352 5300 5351
5351 5300 5299
5351 5299 5350
5351 5350 5299
5401 5350 3433
5401 3433 5350
</Vertices>
                <Weights>0.67 0.33 0
0.67 0.33 0
0.67 0.33 0
0.67 0.33 0
0.67 0.33 0
0.67 0.33 0
0.67 0.33 0
0.67 0.33 0
0.67 0.33 0
0.67 0.33 0
0.67 0.33 0
0.67 0.33 0
0.67 0.33 0
0.67 0.33 0
0.67 0.33 0
0.67 0.33 0
0.67 0.33 0
0.67 0.33 0
0.67 0.33 0
0.67 0.33 0
0.67 0.33 0
0.67 0.33 0
0.67 0.33 0
0.67 0.33 0
0.67 0.33 0
0.67 0.33 0
0.67 0.33 0
0.67 0.33 0
0.67 0.33 0
0.67 0.33 0
0.67 0.33 0
0.67 0.33 0
0.67 0.33 0
0.67 0.33 0
0.67 0.33 0
0.67 0.33 0
0.67 0.33 0
0.67 0.33 0
0.67 0.33 0
0.67 0.33 0
0.67 0.33 0
0.67 0.33 0
0.67 0.33 0
0.67 0.33 0
0.67 0.33 0
0.67 0.33 0
0.67 0.33 0
0.67 0.33 0
0.67 0.33 0
0.67 0.33 0
0.67 0.33 0
0.67 0.33 0
0.67 0.33 0
0.67 0.33 0
0.67 0.33 0
0.67 0.33 0
0.67 0.33 0
0.67 0.33 0
0.67 0.33 0
0.67 0.33 0
0.67 0.33 0
0.67 0.33 0
0.67 0.33 0
0.67 0.33 0
0.67 0.33 0
0.67 0.33 0
0.67 0.33 0
0.67 0.33 0
0.67 0.33 0
0.67 0.33 0
0.67 0.33 0
0.67 0.33 0
0.67 0.33 0
0.67 0.33 0
0.67 0.33 0
0.67 0.33 0
0.67 0.33 0
0.67 0.33 0
0.67 0.33 0
0.67 0.33 0
0.67 0.33 0
0.67 0.33 0
0.67 0.33 0
0.67 0.33 0
0.67 0.33 0
0.67 0.33 0
0.67 0.33 0
0.67 0.33 0
0.67 0.33 0
0.67 0.33 0
0.67 0.33 0
0.67 0.33 0
0.67 0.33 0
0.67 0.33 0
0.67 0.33 0
0.67 0.33 0
0.67 0.33 0
0.67 0.33 0
0.67 0.33 0
0.67 0.33 0
0.67 0.33 0
0.67 0.33 0
0.67 0.33 0
0.67 0.33 0
0.67 0.33 0
0.67 0.33 0
0.67 0.33 0
0.67 0.33 0
0.67 0.33 0
0.67 0.33 0
0.67 0.33 0
0.67 0.33 0
0.67 0.33 0
0.67 0.33 0
0.67 0.33 0
0.67 0.33 0
0.67 0.33 0
0.67 0.33 0
0.67 0.33 0
0.67 0.33 0
0.67 0.33 0
0.67 0.33 0
0.67 0.33 0
0.67 0.33 0
0.67 0.33 0
0.67 0.33 0
0.67 0.33 0
0.67 0.33 0
0.67 0.33 0
0.67 0.33 0
0.67 0.33 0
0.67 0.33 0
0.67 0.33 0
0.67 0.33 0
0.67 0.33 0
0.67 0.33 0
0.67 0.33 0
0.67 0.33 0
0.67 0.33 0
0.67 0.33 0
0.67 0.33 0
0.67 0.33 0
0.67 0.33 0
0.67 0.33 0
0.67 0.33 0
0.67 0.33 0
0.67 0.33 0
0.67 0.33 0
0.67 0.33 0
0.67 0.33 0
0.67 0.33 0
0.67 0.33 0
0.67 0.33 0
0.67 0.33 0
0.67 0.33 0
0.67 0.33 0
0.67 0.33 0
0.67 0.33 0
0.67 0.33 0
0.67 0.33 0
0.67 0.33 0
0.67 0.33 0
0.67 0.33 0
0.67 0.33 0
0.67 0.33 0
0.67 0.33 0
0.67 0.33 0
0.67 0.33 0
0.67 0.33 0
0.67 0.33 0
0.67 0.33 0
0.67 0.33 0
0.67 0.33 0
0.67 0.33 0
0.67 0.33 0
0.67 0.33 0
0.67 0.33 0
0.67 0.33 0
0.67 0.33 0
0.67 0.33 0
0.67 0.33 0
0.67 0.33 0
0.67 0.33 0
0.67 0.33 0
0.67 0.33 0
0.67 0.33 0
0.67 0.33 0
0.67 0.33 0
0.67 0.33 0
0.67 0.33 0
0.67 0.33 0
0.67 0.33 0
0.67 0.33 0
0.67 0.33 0
0.67 0.33 0
0.67 0.33 0
0.67 0.33 0
0.67 0.33 0
0.67 0.33 0
0.67 0.33 0
0.67 0.33 0
0.67 0.33 0
0.67 0.33 0
0.67 0.33 0
0.67 0.33 0
0.67 0.33 0
0.67 0.33 0
0.67 0.33 0
0.67 0.33 0
0.67 0.33 0
0.67 0.33 0
0.67 0.33 0
0.67 0.33 0
0.67 0.33 0
0.67 0.33 0
0.67 0.33 0
0.67 0.33 0
0.67 0.33 0
0.67 0.33 0
0.67 0.33 0
0.67 0.33 0
0.67 0.33 0
0.67 0.33 0
0.67 0.33 0
0.67 0.33 0
0.67 0.33 0
0.67 0.33 0
0.67 0.33 0
0.67 0.33 0
0.67 0.33 0
0.67 0.33 0
0.67 0.33 0
0.67 0.33 0
0.67 0.33 0
0.67 0.33 0
0.67 0.33 0
0.67 0.33 0
0.67 0.33 0
0.67 0.33 0
0.67 0.33 0
0.67 0.33 0
0.67 0.33 0
0.67 0.33 0
0.67 0.33 0
0.67 0.33 0
0.67 0.33 0
0.67 0.33 0
0.67 0.33 0
0.67 0.33 0
0.67 0.33 0
0.67 0.33 0
0.67 0.33 0
0.67 0.33 0
0.67 0.33 0
0.67 0.33 0
0.67 0.33 0
0.67 0.33 0
0.67 0.33 0
0.67 0.33 0
0.67 0.33 0
0.67 0.33 0
0.67 0.33 0
0.67 0.33 0
0.67 0.33 0
0.67 0.33 0
0.67 0.33 0
0.67 0.33 0
0.67 0.33 0
0.67 0.33 0
0.67 0.33 0
0.67 0.33 0
0.67 0.33 0
0.67 0.33 0
0.67 0.33 0
0.67 0.33 0
0.67 0.33 0
0.67 0.33 0
0.67 0.33 0
0.67 0.33 0
0.67 0.33 0
0.67 0.33 0
0.67 0.33 0
0.67 0.33 0
0.67 0.33 0
0.67 0.33 0
0.67 0.33 0
0.67 0.33 0
0.67 0.33 0
0.67 0.33 0
0.67 0.33 0
0.67 0.33 0
0.67 0.33 0
0.67 0.33 0
0.67 0.33 0
0.67 0.33 0
0.67 0.33 0
0.67 0.33 0
0.67 0.33 0
0.67 0.33 0
0.67 0.33 0
0.67 0.33 0
0.67 0.33 0
0.67 0.33 0
0.67 0.33 0
0.67 0.33 0
0.67 0.33 0
0.67 0.33 0
0.67 0.33 0
0.67 0.33 0
0.67 0.33 0
0.67 0.33 0
0.67 0.33 0
0.67 0.33 0
0.67 0.33 0
0.67 0.33 0
0.67 0.33 0
0.67 0.33 0
0.67 0.33 0
0.67 0.33 0
0.67 0.33 0
0.67 0.33 0
0.67 0.33 0
0.67 0.33 0
0.67 0.33 0
0.67 0.33 0
0.67 0.33 0
0.67 0.33 0
0.67 0.33 0
0.67 0.33 0
0.67 0.33 0
0.67 0.33 0
0.67 0.33 0
0.67 0.33 0
0.67 0.33 0
0.67 0.33 0
0.67 0.33 0
0.67 0.33 0
0.67 0.33 0
0.67 0.33 0
0.67 0.33 0
</Weights>
            </BorderPart>
        </Border>
        <Border Name="03-PrCG1" Red="0.784314" Green="0.592157" Blue="0.4">
            <BorderPart Closed="True">
                <Vertices>5048 5047 5159
5159 5047 5158
5158 5047 5046
5158 5046 5157
5158 5157 5046
5212 5157 5211
5211 5157 5156
5211 5156 5210
5211 5210 5156
5264 5210 5263
5263 5210 5209
5263 5209 5262
5263 5262 5209
5315 5262 5314
5314 5262 5261
5314 5261 5313
5314 5313 5261
5365 5313 5364
5364 5313 5312
5364 5312 5363
5363 5312 5311
5363 5311 5362
5363 5362 5311
5413 5362 5412
5412 5362 5361
5412 5361 5411
5411 5361 5360
5411 5360 5410
5411 5410 5360
5460 5410 5459
5459 5410 5409
5459 5409 5458
5459 5458 5409
5507 5458 5506
5507 5506 5458
5554 5506 5553
5553 5506 5505
5553 5505 5552
5553 5552 5505
5599 5552 5598
5599 5598 5552
5644 5598 5643
5644 5643 5598
5688 5643 5687
5688 5687 5643
5731 5687 5730
5731 5730 5687
5731 5773 5730
5774 5773 5731
5774 5815 5773
5774 5816 5815
5775 5816 5774
5817 5816 5775
5817 5857 5816
5858 5857 5817
5858 5897 5857
5858 5898 5897
5859 5898 5858
5859 5899 5898
5859 5860 5819
5819 5860 5859
5819 5820 5778
5778 5820 5819
5779 5820 5778
5779 5821 5820
5779 5780 5737
5737 5780 5779
5738 5780 5737
5738 5781 5780
5738 5739 5695
5695 5739 5738
5696 5739 5695
5696 5740 5739
5696 5697 5652
5652 5697 5696
5653 5697 5652
5653 5698 5697
5653 5654 5608
5608 5654 5653
5609 5654 5608
5609 5655 5654
5609 5610 5563
5563 5610 5609
5564 5610 5563
5564 5611 5610
5564 5565 5517
5517 5565 5564
5517 5518 5469
5469 5518 5517
5470 5518 5469
5470 5519 5518
5470 5471 5421
5421 5471 5470
5422 5471 5421
5422 5472 5471
5422 5423 5372
5372 5423 5422
5373 5423 5372
5373 5424 5423
5373 5374 5322
5322 5374 5373
5323 5374 5322
5323 5375 5374
5323 5324 5271
5271 5324 5323
5272 5324 5271
5272 5325 5324
5272 5273 5219
5219 5273 5272
5220 5273 5219
5220 5274 5273
5220 5221 5166
5166 5221 5220
5167 5221 5166
5167 5222 5221
5168 5222 5167
5168 5223 5222
5168 5169 5057
5057 5169 5168
5058 5169 5057
5058 5170 5169
5058 5059 5170
8097 5059 5058
8118 5059 8097
8118 5060 5059
8138 5060 8118
8138 5061 5060
8157 5061 8138
8157 5062 5061
8157 8175 5062
8158 8175 8157
8176 8175 8158
8176 8192 8175
8193 8192 8176
8193 8208 8192
8193 8209 8208
8194 8209 8193
8210 8209 8194
8210 8224 8209
8225 8224 8210
8225 8238 8224
8225 8239 8238
8226 8239 8225
8240 8239 8226
8240 8252 8239
8253 8252 8240
8253 8264 8252
8253 8265 8264
8254 8265 8253
8266 8265 8254
8266 8276 8265
8266 8277 8276
8267 8277 8266
8278 8277 8267
8278 8287 8277
8278 8288 8287
8279 8288 8278
8289 8288 8279
8289 8297 8288
8289 8298 8297
8290 8298 8289
8299 8298 8290
8299 8306 8298
8299 6739 8306
6740 6739 8299
18148 6739 6740
18148 18156 6739
18148 18149 18140
18140 18149 18148
18140 18141 18131
18131 18141 18140
18131 18132 18121
18121 18132 18131
18121 18122 18110
18110 18122 18121
18111 18122 18110
18111 18123 18122
18111 18112 18099
18099 18112 18111
18099 18100 18086
18086 18100 18099
18086 18087 18072
18072 18087 18086
18072 18073 18057
18057 18073 18072
18057 18058 18041
18041 18058 18057
18042 18058 18041
18042 18059 18058
18042 18043 18025
18025 18043 18042
18025 18026 18007
18007 18026 18025
18007 18008 17988
17988 18008 18007
17988 17989 17968
17968 17989 17988
17968 17969 17947
17947 17969 17968
17948 17969 17947
17948 17970 17969
17948 17949 17926
17926 17949 17948
17926 17927 17903
17903 17927 17926
17903 17904 17879
17879 17904 17903
17879 17880 17854
17854 17880 17879
17855 17880 17854
17855 17881 17880
17855 17856 17829
17829 17856 17855
17829 17830 17802
17802 17830 17829
17802 17803 17774
17774 17803 17802
17774 17775 17745
17745 17775 17774
17745 17746 17715
17715 17746 17745
17715 17716 17684
17684 17716 17715
17685 17716 17684
17685 17717 17716
17685 17686 17653
17653 17686 17685
17653 17654 17620
17620 17654 17653
17620 17621 17586
17586 17621 17620
17586 17587 17551
17551 17587 17586
17551 17552 17515
17515 17552 17551
17515 17516 17478
17515 17478 17477
17477 17478 17439
17477 17439 17438
17477 17438 17476
17476 17438 17437
17476 17437 17475
17476 17475 17437
17513 17475 17512
17513 17512 17475
17549 17512 17548
17548 17512 17511
17548 17511 17547
17548 17547 17511
17583 17547 17582
17582 17547 17546
17582 17546 17581
17582 17581 17546
17616 17581 17615
17615 17581 17580
17615 17580 17614
17615 17614 17580
17648 17614 17647
17647 17614 17613
17647 17613 17646
17647 17646 17613
17679 17646 17678
17678 17646 17645
17678 17645 17677
17678 17677 17645
17709 17677 17708
17708 17677 17676
17708 17676 17707
17708 17707 17676
17738 17707 17737
17738 17737 17707
17767 17737 17766
17767 17766 17737
17795 17766 17794
17795 17794 17766
17795 17822 17794
17823 17822 17795
17849 17822 17848
17849 17848 17822
17849 17874 17848
17875 17874 17849
17899 17874 17898
17899 17898 17874
17922 17898 17921
17922 17921 17898
17944 17921 17943
17943 17921 17920
17943 17920 17942
17943 17942 17920
17964 17942 17963
17964 17963 17942
17984 17963 17983
17983 17963 17962
17983 17962 17982
17983 17982 17962
18002 17982 18001
18001 17982 17981
18001 17981 18000
18001 18000 17981
18019 18000 18018
18019 18018 18000
18036 18018 18035
18035 18018 18017
18035 18017 18034
18035 18034 18017
18051 18034 18050
18051 18050 18034
18066 18050 18065
18066 18065 18050
18080 18065 18079
18080 18079 18065
18093 18079 6745
6745 18079 6746
6745 6746 8236
6745 8236 8249
8249 8236 8235
8235 8236 8221
8235 8221 8220
8235 8220 8234
8234 8220 8219
8219 8220 8204
8219 8204 8203
8219 8203 8218
8218 8203 8202
8202 8203 8186
8202 8186 8185
8202 8185 8201
8201 8185 8184
8184 8185 8167
8184 8167 8166
8184 8166 8183
8183 8166 8165
8165 8166 8147
8165 8147 8146
8146 8147 8127
8146 8127 8126
8146 8126 8145
8145 8126 8125
8125 8126 8105
8125 8105 8104
8104 8105 8083
8104 8083 8082
8104 8082 8103
8103 8082 8081
8081 8082 8059
8081 8059 8058
8058 8059 8035
8058 8035 8034
8058 8034 8057
8057 8034 8033
8033 8034 8009
8033 8009 8008
8033 8008 8032
8032 8008 8007
8032 8007 8031
8031 8007 8006
8006 8007 7981
8006 7981 7980
7980 7981 7954
7980 7954 7953
7980 7953 7979
7979 7953 7952
7952 7953 7925
7952 7925 7924
7924 7925 7896
7924 7896 7895
7924 7895 7923
7923 7895 7894
7894 7895 7865
7894 7865 7864
7894 7864 7893
7893 7864 7863
7863 7864 7833
7863 7833 7832
7863 7832 5049
5049 7832 5048
5048 7832 7800
5048 7800 5047
</Vertices>
                <Weights>0.67 0.33 0
0.67 0.33 0
0.67 0.33 0
0.67 0.33 0
0.67 0.33 0
0.67 0.33 0
0.67 0.33 0
0.67 0.33 0
0.67 0.33 0
0.67 0.33 0
0.67 0.33 0
0.67 0.33 0
0.67 0.33 0
0.67 0.33 0
0.67 0.33 0
0.67 0.33 0
0.67 0.33 0
0.67 0.33 0
0.67 0.33 0
0.67 0.33 0
0.67 0.33 0
0.67 0.33 0
0.67 0.33 0
0.67 0.33 0
0.67 0.33 0
0.67 0.33 0
0.67 0.33 0
0.67 0.33 0
0.67 0.33 0
0.67 0.33 0
0.67 0.33 0
0.67 0.33 0
0.67 0.33 0
0.67 0.33 0
0.67 0.33 0
0.67 0.33 0
0.67 0.33 0
0.67 0.33 0
0.67 0.33 0
0.67 0.33 0
0.67 0.33 0
0.67 0.33 0
0.67 0.33 0
0.67 0.33 0
0.67 0.33 0
0.67 0.33 0
0.67 0.33 0
0.67 0.33 0
0.67 0.33 0
0.67 0.33 0
0.67 0.33 0
0.67 0.33 0
0.67 0.33 0
0.67 0.33 0
0.67 0.33 0
0.67 0.33 0
0.67 0.33 0
0.67 0.33 0
0.67 0.33 0
0.67 0.33 0
0.67 0.33 0
0.67 0.33 0
0.67 0.33 0
0.67 0.33 0
0.67 0.33 0
0.67 0.33 0
0.67 0.33 0
0.67 0.33 0
0.67 0.33 0
0.67 0.33 0
0.67 0.33 0
0.67 0.33 0
0.67 0.33 0
0.67 0.33 0
0.67 0.33 0
0.67 0.33 0
0.67 0.33 0
0.67 0.33 0
0.67 0.33 0
0.67 0.33 0
0.67 0.33 0
0.67 0.33 0
0.67 0.33 0
0.67 0.33 0
0.67 0.33 0
0.67 0.33 0
0.67 0.33 0
0.67 0.33 0
0.67 0.33 0
0.67 0.33 0
0.67 0.33 0
0.67 0.33 0
0.67 0.33 0
0.67 0.33 0
0.67 0.33 0
0.67 0.33 0
0.67 0.33 0
0.67 0.33 0
0.67 0.33 0
0.67 0.33 0
0.67 0.33 0
0.67 0.33 0
0.67 0.33 0
0.67 0.33 0
0.67 0.33 0
0.67 0.33 0
0.67 0.33 0
0.67 0.33 0
0.67 0.33 0
0.67 0.33 0
0.67 0.33 0
0.67 0.33 0
0.67 0.33 0
0.67 0.33 0
0.67 0.33 0
0.67 0.33 0
0.67 0.33 0
0.67 0.33 0
0.67 0.33 0
0.67 0.33 0
0.67 0.33 0
0.67 0.33 0
0.67 0.33 0
0.67 0.33 0
0.67 0.33 0
0.67 0.33 0
0.67 0.33 0
0.67 0.33 0
0.67 0.33 0
0.67 0.33 0
0.67 0.33 0
0.67 0.33 0
0.67 0.33 0
0.67 0.33 0
0.67 0.33 0
0.67 0.33 0
0.67 0.33 0
0.67 0.33 0
0.67 0.33 0
0.67 0.33 0
0.67 0.33 0
0.67 0.33 0
0.67 0.33 0
0.67 0.33 0
0.67 0.33 0
0.67 0.33 0
0.67 0.33 0
0.67 0.33 0
0.67 0.33 0
0.67 0.33 0
0.67 0.33 0
0.67 0.33 0
0.67 0.33 0
0.67 0.33 0
0.67 0.33 0
0.67 0.33 0
0.67 0.33 0
0.67 0.33 0
0.67 0.33 0
0.67 0.33 0
0.67 0.33 0
0.67 0.33 0
0.67 0.33 0
0.67 0.33 0
0.67 0.33 0
0.67 0.33 0
0.67 0.33 0
0.67 0.33 0
0.67 0.33 0
0.67 0.33 0
0.67 0.33 0
0.67 0.33 0
0.67 0.33 0
0.67 0.33 0
0.67 0.33 0
0.67 0.33 0
0.67 0.33 0
0.67 0.33 0
0.67 0.33 0
0.67 0.33 0
0.67 0.33 0
0.67 0.33 0
0.67 0.33 0
0.67 0.33 0
0.67 0.33 0
0.67 0.33 0
0.67 0.33 0
0.67 0.33 0
0.67 0.33 0
0.67 0.33 0
0.67 0.33 0
0.67 0.33 0
0.67 0.33 0
0.67 0.33 0
0.67 0.33 0
0.67 0.33 0
0.67 0.33 0
0.67 0.33 0
0.67 0.33 0
0.67 0.33 0
0.67 0.33 0
0.67 0.33 0
0.67 0.33 0
0.67 0.33 0
0.67 0.33 0
0.67 0.33 0
0.67 0.33 0
0.67 0.33 0
0.67 0.33 0
0.67 0.33 0
0.67 0.33 0
0.67 0.33 0
0.67 0.33 0
0.67 0.33 0
0.67 0.33 0
0.67 0.33 0
0.67 0.33 0
0.67 0.33 0
0.67 0.33 0
0.67 0.33 0
0.67 0.33 0
0.67 0.33 0
0.67 0.33 0
0.67 0.33 0
0.67 0.33 0
0.67 0.33 0
0.67 0.33 0
0.67 0.33 0
0.67 0.33 0
0.67 0.33 0
0.67 0.33 0
0.67 0.33 0
0.67 0.33 0
0.67 0.33 0
0.67 0.33 0
0.67 0.33 0
0.67 0.33 0
0.67 0.33 0
0.67 0.33 0
0.67 0.33 0
0.67 0.33 0
0.67 0.33 0
0.67 0.33 0
0.67 0.33 0
0.67 0.33 0
0.67 0.33 0
0.67 0.33 0
0.67 0.33 0
0.67 0.33 0
0.67 0.33 0
0.67 0.33 0
0.67 0.33 0
0.67 0.33 0
0.67 0.33 0
0.67 0.33 0
0.67 0.33 0
0.67 0.33 0
0.67 0.33 0
0.67 0.33 0
0.67 0.33 0
0.67 0.33 0
0.67 0.33 0
0.67 0.33 0
0.67 0.33 0
0.67 0.33 0
0.67 0.33 0
0.67 0.33 0
0.67 0.33 0
0.67 0.33 0
0.67 0.33 0
0.67 0.33 0
0.67 0.33 0
0.67 0.33 0
0.67 0.33 0
0.67 0.33 0
0.67 0.33 0
0.67 0.33 0
0.67 0.33 0
0.67 0.33 0
0.67 0.33 0
0.67 0.33 0
0.67 0.33 0
0.67 0.33 0
0.67 0.33 0
0.67 0.33 0
0.67 0.33 0
0.67 0.33 0
0.67 0.33 0
0.67 0.33 0
0.67 0.33 0
0.67 0.33 0
0.67 0.33 0
0.67 0.33 0
0.67 0.33 0
0.67 0.33 0
0.67 0.33 0
0.67 0.33 0
0.67 0.33 0
0.67 0.33 0
0.67 0.33 0
0.67 0.33 0
0.67 0.33 0
0.67 0.33 0
0.67 0.33 0
0.67 0.33 0
0.67 0.33 0
0.67 0.33 0
0.67 0.33 0
0.67 0.33 0
0.67 0.33 0
0.67 0.33 0
0.67 0.33 0
0.67 0.33 0
0.67 0.33 0
0.67 0.33 0
0.67 0.33 0
0.67 0.33 0
0.67 0.33 0
0.67 0.33 0
0.67 0.33 0
0.67 0.33 0
0.67 0.33 0
0.67 0.33 0
0.67 0.33 0
0.67 0.33 0
0.67 0.33 0
0.67 0.33 0
0.67 0.33 0
0.67 0.33 0
0.67 0.33 0
0.67 0.33 0
0.67 0.33 0
0.67 0.33 0
0.67 0.33 0
0.67 0.33 0
0.67 0.33 0
0.67 0.33 0
0.67 0.33 0
0.67 0.33 0
0.67 0.33 0
0.67 0.33 0
0.67 0.33 0
0.67 0.33 0
0.67 0.33 0
0.67 0.33 0
0.67 0.33 0
0.67 0.33 0
0.67 0.33 0
0.67 0.33 0
0.67 0.33 0
0.67 0.33 0
0.67 0.33 0
0.67 0.33 0
0.67 0.33 0
0.67 0.33 0
0.67 0.33 0
0.67 0.33 0
0.67 0.33 0
0.67 0.33 0
0.67 0.33 0
0.67 0.33 0
0.67 0.33 0
0.67 0.33 0
0.67 0.33 0
0.67 0.33 0
0.67 0.33 0
0.67 0.33 0
0.67 0.33 0
0.67 0.33 0
0.67 0.33 0
0.67 0.33 0
0.67 0.33 0
0.67 0.33 0
0.67 0.33 0
0.67 0.33 0
0.67 0.33 0
0.67 0.33 0
0.67 0.33 0
</Weights>
            </BorderPart>
        </Border>
        <Border Name="04-PrCG2" Red="0.921569" Green="0.898039" Blue="0.603922">
            <BorderPart Closed="True">
                <Vertices>5059 5058 5170
5170 5058 5169
5169 5058 5057
5169 5057 5168
5169 5168 5057
5223 5168 5222
5222 5168 5167
5222 5167 5221
5221 5167 5166
5221 5166 5220
5221 5220 5166
5274 5220 5273
5273 5220 5219
5273 5219 5272
5273 5272 5219
5325 5272 5324
5324 5272 5271
5324 5271 5323
5324 5323 5271
5375 5323 5374
5374 5323 5322
5374 5322 5373
5374 5373 5322
5424 5373 5423
5423 5373 5372
5423 5372 5422
5423 5422 5372
5472 5422 5471
5471 5422 5421
5471 5421 5470
5471 5470 5421
5519 5470 5518
5518 5470 5469
5518 5469 5517
5518 5517 5469
5565 5517 5564
5565 5564 5517
5611 5564 5610
5610 5564 5563
5610 5563 5609
5610 5609 5563
5655 5609 5654
5654 5609 5608
5654 5608 5653
5654 5653 5608
5698 5653 5697
5697 5653 5652
5697 5652 5696
5697 5696 5652
5740 5696 5739
5739 5696 5695
5739 5695 5738
5739 5738 5695
5781 5738 5780
5780 5738 5737
5780 5737 5779
5780 5779 5737
5821 5779 5820
5820 5779 5778
5820 5778 5819
5820 5819 5778
5860 5819 5859
5860 5859 5819
5860 5899 5859
5900 5899 5860
5900 5938 5899
5939 5938 5900
5939 5976 5938
5977 5976 5939
5977 6013 5976
5977 6014 6013
5978 6014 5977
5978 6015 6014
5979 6015 5978
5979 6016 6015
5979 5980 5942
5942 5980 5979
5943 5980 5942
5943 5981 5980
5943 5944 5905
5905 5944 5943
5905 5906 5866
5866 5906 5905
5867 5906 5866
5867 5907 5906
5867 5868 5827
5827 5868 5867
5827 5828 5786
5786 5828 5827
5787 5828 5786
5787 5829 5828
5787 5788 5745
5745 5788 5787
5746 5788 5745
5746 5789 5788
5746 5747 5703
5703 5747 5746
5704 5747 5703
5704 5748 5747
5704 5705 5660
5660 5705 5704
5660 5661 5615
5615 5661 5660
5616 5661 5615
5616 5662 5661
5616 5617 5570
5570 5617 5616
5571 5617 5570
5571 5618 5617
5571 5572 5524
5524 5572 5571
5524 5525 5476
5476 5525 5524
5477 5525 5476
5477 5526 5525
5477 5478 5428
5428 5478 5477
5429 5478 5428
5429 5479 5478
5429 5430 5379
5379 5430 5429
5380 5430 5379
5380 5431 5430
5381 5431 5380
5381 5432 5431
5381 5382 5330
5330 5382 5381
5331 5382 5330
5331 5383 5382
5331 5332 5279
5279 5332 5331
5280 5332 5279
5280 5333 5332
5280 5281 5227
5227 5281 5280
5228 5281 5227
5228 5282 5281
5229 5282 5228
5229 5283 5282
5229 5230 5175
5175 5230 5229
5176 5230 5175
5176 5231 5230
5176 5177 5065
5065 5177 5176
5066 5177 5065
5066 5178 5177
5067 5178 5066
5067 5179 5178
5067 5068 5179
8250 5068 5067
8250 8262 5068
8250 8251 8238
8238 8251 8250
8238 8239 8225
8238 8225 8224
8224 8225 8210
8224 8210 8209
8209 8210 8194
8209 8194 8193
8209 8193 8208
8208 8193 8192
8192 8193 8176
8192 8176 8175
8175 8176 8158
